TrueLocationParameter,Configuration,TrueModelUpDown,TrueLocationP,TrueLocationQ,P0,Q0,P1,Q1,P2,Q2,P3,Q3,P4,Q4,P5,Q5,P6,Q6,P7,Q7,P8,Q8,P9,Q9
0.4788188448806643,10,0,396,370,294,473,307,467,454,473,356,394,326,325,550,336,560,217,408,396,217,264,257,386
0.1423917053006578,11,1,344,410,391,457,379,448,216,465,335,360,319,481,272,371,358,591,303,522,316,408,342,470
0.07610523061259611,11,0,350,322,403,319,406,200,364,453,425,321,325,382,418,295,267,396,419,288,321,139,403,201
0.5720281981103158,11,1,412,429,329,290,367,387,329,192,336,638,362,390,544,440,331,474,271,554,418,387,470,401
0.38347805349627506,10,0,380,372,472,309,475,400,384,382,229,362,308,491,291,256,249,247,414,366,431,293,463,314
0.3053382769443478,11,1,368,424,451,548,352,398,397,238,371,407,458,540,486,459,397,497,351,557,240,284,343,470
0.048310897989543466,11,1,332,399,396,229,259,491,413,428,397,431,304,384,583,397,260,288,491,562,278,417,262,343
0.8259882048440819,10,1,440,464,457,429,560,481,406,228,443,536,613,408,364,554,408,361,613,516,609,419,649,345
0.2797802544613771,10,1,370,450,380,470,351,329,422,466,373,358,392,319,542,362,433,545,455,618,376,354,266,492
0.03048850936519698,10,1,346,484,279,388,372,429,303,627,404,554,346,510,311,422,165,601,348,595,427,519,209,370
0.3592810843805736,11,1,376,427,323,415,474,411,320,489,277,440,340,491,351,502,328,286,364,337,326,371,302,399
0.03628367206759797,11,1,331,398,300,479,286,400,342,294,172,483,369,309,351,235,344,373,479,332,406,527,470,396
0.5122206093061853,10,1,402,430,353,387,311,352,264,680,342,413,517,405,481,415,531,336,398,520,501,270,397,413
0.052075661549159546,10,0,333,400,335,414,377,298,357,513,319,537,482,427,559,530,295,362,317,368,287,289,382,357
0.23384367208335355,10,0,357,381,440,423,605,389,259,197,292,479,384,273,395,550,189,494,479,570,382,480,411,421
0.9146281059427964,11,0,449,324,285,410,404,358,332,281,434,367,578,234,470,280,311,434,427,346,482,352,346,384
0.7230115990974366,11,1,437,422,525,358,375,546,401,349,461,494,426,602,524,556,531,468,349,498,392,374,395,439
0.4755955387401034,10,0,396,370,358,345,412,461,441,429,470,127,461,408,343,409,419,326,315,365,322,338,254,688
0.24422221267595268,11,0,367,345,387,162,337,299,400,410,302,194,269,369,235,302,492,408,451,474,430,273,240,337
0.045500101618985433,10,0,332,401,447,495,247,414,278,351,296,562,333,260,131,485,367,335,441,438,376,453,335,444
0.32818273784037555,11,0,375,357,279,401,560,428,670,350,431,303,275,432,314,439,363,319,266,410,232,319,469,224
0.06638552484488491,11,0,349,321,312,269,408,316,375,368,286,355,263,284,316,402,303,379,326,316,376,257,482,187
0.24767547864588757,11,1,359,420,419,353,304,484,393,328,353,331,327,341,288,386,326,464,275,209,397,449,379,470
0.7615978353003502,10,1,434,455,489,496,525,463,406,375,563,558,559,566,414,574,427,470,469,451,735,414,483,578
0.40344444350863284,10,0,384,371,243,392,506,487,372,381,434,414,341,607,366,264,366,481,289,295,333,347,282,318
0.31532337183144776,10,0,369,375,397,482,296,388,245,556,418,543,234,346,398,576,451,386,222,390,293,601,425,241
0.19799911950616,11,1,351,416,381,403,197,267,358,410,170,507,261,302,441,540,114,427,287,438,258,420,344,508
0.16496889881101684,10,1,359,465,383,372,402,289,353,678,565,401,518,265,269,457,304,459,323,467,278,323,557,378
0.33033562449682696,10,1,375,443,223,497,525,514,228,288,268,547,489,263,463,334,239,279,349,369,473,531,378,461
0.9721712046649678,10,1,455,484,408,582,334,451,349,530,541,478,440,540,427,440,429,441,507,528,306,399,352,593
0.21227427410455924,10,1,364,459,318,572,476,344,435,648,503,556,431,427,353,412,442,312,567,525,381,370,328,471
0.10958688819052143,11,0,353,327,210,321,390,182,253,344,335,215,390,395,367,410,343,468,230,448,397,387,384,229
0.801676077513256,10,1,438,461,518,524,468,527,553,490,381,479,432,355,549,566,335,382,573,308,522,428,506,404
0.3005747288844922,10,0,367,376,370,165,469,415,363,430,350,420,338,457,451,504,370,192,381,134,410,357,471,404
0.7078511337833633,11,0,428,352,505,231,356,404,293,278,430,338,386,267,554,153,620,403,465,356,442,427,482,409
0.9061312938054032,10,0,462,395,327,327,491,381,532,386,546,301,584,304,321,204,388,166,523,331,326,464,562,451
0.21874237674949804,10,0,354,382,284,490,294,297,256,271,360,574,231,409,349,502,328,388,261,184,379,348,282,397
0.6409198778708447,10,1,421,439,386,366,301,407,396,452,553,358,630,294,579,347,509,399,371,608,592,521,334,383
0.5967285394225952,10,1,416,434,461,462,593,387,565,436,351,502,383,557,414,460,476,513,565,342,517,471,248,532
0.44913725457109466,10,1,391,431,392,459,537,398,352,477,478,479,385,384,580,469,245,545,462,412,572,318,405,368
0.8481638432309705,11,0,442,333,312,301,422,477,566,312,387,350,523,396,561,292,503,115,428,208,314,177,377,333
0.07200855103205295,11,1,335,402,382,435,162,333,449,466,313,206,87,387,173,389,285,328,365,254,436,367,449,430
0.8986121784657317,11,1,461,406,646,465,449,241,610,445,343,431,457,285,415,542,318,445,391,421,556,331,502,415
0.6971139337810841,11,1,433,424,454,458,464,422,483,265,548,325,367,476,472,280,336,552,437,375,412,439,330,369
0.3034818149367611,10,1,373,446,439,283,426,446,402,510,316,520,477,435,358,512,547,421,326,479,447,475,307,591
0.3781725675208105,11,0,381,363,315,228,484,352,307,411,370,389,249,462,334,440,305,115,341,292,546,513,411,389
0.3176332486101878,10,0,370,375,222,436,407,271,434,404,591,458,384,402,340,530,366,440,419,425,601,325,207,440
0.27733989740109866,11,1,363,422,223,546,363,296,411,611,397,363,441,222,504,457,219,540,331,400,475,387,368,438
0.5890984517962514,10,1,414,434,599,428,496,527,382,458,367,383,308,513,355,482,486,550,431,387,355,455,322,385
0.00408398084322481,11,1,328,393,246,423,382,330,368,416,256,498,322,278,362,409,469,269,263,611,348,451,215,499
0.10205059470559408,11,1,339,406,456,564,233,281,279,351,438,422,357,379,457,570,326,366,402,289,380,389,119,447
0.11333976969962212,10,1,354,473,451,465,438,335,463,464,367,497,218,428,426,575,376,429,326,669,147,478,311,610
0.0909254604303168,10,0,337,395,90,306,285,618,176,387,123,243,394,176,341,446,84,347,356,449,80,329,202,564
0.4685152802790957,11,1,395,430,337,196,335,644,332,496,313,387,548,557,294,253,276,333,313,367,518,400,280,498
0.2344920267126721,10,1,366,456,448,528,469,518,371,400,452,575,264,394,309,306,434,564,411,423,293,515,96,494
0.6469805583954803,11,0,422,360,552,330,334,190,270,286,645,391,288,314,455,349,485,442,438,253,349,312,392,310
0.07750257546811701,10,1,350,477,422,466,264,438,302,488,346,577,216,506,453,317,277,540,304,574,438,340,445,407
0.9938880975484484,11,0,457,313,323,303,611,316,369,345,451,174,447,454,492,346,563,313,340,231,339,265,277,328
0.6195417369818511,11,1,420,428,512,283,387,398,485,421,381,273,400,471,401,489,347,464,529,588,433,514,490,467
0.6661708523156717,11,1,428,426,640,547,298,303,582,418,464,415,368,463,397,397,394,531,477,347,659,298,523,339
0.24477037494276666,10,1,367,455,488,436,342,277,409,442,446,462,340,455,316,469,433,511,456,423,517,360,327,315
0.7251920340152442,11,0,430,350,306,450,458,263,448,116,370,204,360,428,217,175,435,264,548,416,392,466,455,222
0.8726119164542813,11,0,445,329,511,474,393,295,462,251,457,250,598,155,405,408,503,387,509,340,478,440,391,395
0.9954833325455449,10,1,457,487,433,596,486,548,504,376,550,509,399,520,558,476,352,311,466,572,536,416,512,469
0.11768287227007679,10,0,341,392,349,551,460,595,250,534,318,421,273,328,322,516,361,615,473,543,312,403,295,446
0.8586433713810507,11,0,443,331,212,402,230,398,446,555,412,222,535,443,381,151,425,316,565,339,516,235,615,240
0.24392197602344245,11,0,367,345,368,450,237,407,522,397,237,442,482,176,367,167,360,350,454,435,391,342,543,358
0.4264104852654401,11,1,388,429,555,376,589,528,476,286,378,489,406,426,419,614,393,342,540,271,236,317,546,527
0.8630313505514001,10,1,444,469,486,549,320,375,509,472,480,572,582,468,643,565,476,541,624,465,530,363,395,263
0.3639593433126659,11,1,377,427,294,450,336,511,319,383,540,325,556,352,436,291,439,627,329,294,247,352,462,404
0.03884310620494358,11,0,346,317,51,308,469,391,361,283,313,364,179,346,434,456,349,371,380,251,189,283,423,221
0.3725217511876805,10,1,380,437,319,570,205,595,473,246,462,443,375,296,619,491,476,516,376,396,247,316,320,489
0.03482988043180979,10,1,346,483,276,486,332,480,376,686,415,316,470,270,358,277,302,676,270,497,425,439,422,555
0.2928102407369251,11,1,366,423,404,492,399,316,276,510,396,438,366,329,505,332,512,423,215,259,208,412,330,379
0.09429578026818186,10,1,352,475,269,402,302,452,226,339,381,728,79,335,219,640,271,260,391,393,425,644,308,488
0.3779630066636628,10,0,379,372,380,346,358,430,453,275,554,482,268,370,404,348,392,413,619,476,200,399,496,457
0.7381889734773579,10,0,439,379,362,274,334,441,572,311,263,438,397,222,313,400,371,348,477,148,300,169,454,399
0.16484549763087553,11,0,359,335,208,196,248,172,329,316,304,239,168,271,266,291,323,314,163,255,318,180,349,427
0.31654326901007146,11,0,374,355,327,280,447,251,396,335,248,335,280,319,443,487,378,334,368,463,356,250,439,160
0.029793875217480004,10,1,345,484,340,434,164,442,106,602,471,549,397,650,247,481,349,498,227,392,176,616,449,548
0.3619503633049569,11,1,377,427,315,276,490,505,274,365,304,452,328,485,364,474,408,305,380,559,349,414,392,586
0.636026594030964,10,0,423,373,444,317,311,369,540,473,274,327,467,253,383,204,306,429,291,395,393,305,370,463
0.5454084687695814,11,1,408,430,626,538,358,258,224,297,453,308,217,282,430,293,479,374,550,549,612,528,316,573
0.8029339941827536,10,1,438,461,544,503,324,480,529,535,358,537,416,496,599,492,460,429,503,401,469,425,476,500
0.8625394200680312,10,1,444,469,556,561,281,379,409,513,513,647,211,391,513,420,451,467,532,378,499,360,474,542
0.5743888927095535,10,0,413,371,344,361,505,255,262,381,508,370,469,337,358,281,670,513,269,422,417,327,454,356
0.6485405869348555,11,1,425,426,521,416,425,434,579,315,310,440,446,521,707,403,535,585,421,473,437,441,357,88
0.3074716240056026,11,0,373,354,341,393,209,370,425,465,238,354,411,140,260,281,277,222,429,508,476,341,414,343
0.18609724602039246,10,0,350,385,359,284,412,500,453,317,268,414,277,322,202,380,412,441,171,289,345,498,307,298
0.3805863685766645,11,1,380,428,420,471,316,609,502,449,436,482,415,360,246,426,296,244,438,541,451,287,140,437
0.5705679252297811,10,0,412,371,430,394,457,240,469,308,449,417,399,289,375,231,431,369,311,524,403,452,380,468
0.4357171437182329,10,1,389,432,563,590,409,345,571,465,568,572,341,541,364,503,430,482,495,510,366,353,423,458
0.5038149741373777,11,1,401,430,563,476,564,260,572,324,287,226,181,504,475,356,484,344,291,475,421,443,399,461
0.6018864336646063,11,1,417,428,448,333,349,424,207,370,381,337,410,578,403,428,411,271,392,441,368,283,576,243
0.8167521940434446,11,1,451,414,472,539,585,509,468,451,343,430,347,304,450,382,480,399,335,407,564,413,422,382
0.5291284594007651,11,0,405,370,491,275,239,331,423,326,439,369,395,328,493,472,348,155,413,462,308,383,315,271
0.13192062552151818,10,1,356,470,240,323,368,304,512,535,340,384,289,326,370,591,339,463,275,635,464,325,272,375
0.9533010428243723,11,0,453,318,341,387,482,202,298,97,473,343,539,467,523,183,380,398,362,228,498,337,508,267
0.6518696925002904,11,1,425,426,330,514,432,355,505,494,563,503,324,228,403,385,379,377,428,385,508,499,441,401
0.422881632544176,10,0,387,371,409,446,220,347,434,424,463,325,353,397,209,403,254,347,383,375,376,407,196,353
0.029347328943736373,10,0,330,403,237,299,232,595,239,426,206,419,445,434,460,517,100,419,276,552,283,469,433,312
0.0351184781510796,11,0,346,317,193,324,245,340,372,338,410,343,362,379,251,470,194,135,249,294,298,274,233,395
0.9709530250670618,10,0,470,403,416,398,239,557,603,358,480,341,417,276,633,348,386,433,610,468,449,568,309,407
0.1233500672551362,11,1,341,408,302,332,257,370,395,355,394,197,379,372,451,401,359,519,286,462,365,563,315,157
0.07164898915232032,11,1,335,402,375,504,396,552,237,415,457,324,311,426,153,499,392,465,542,340,415,473,394,323
0.20565507897496993,11,1,353,416,187,312,541,456,360,573,277,461,478,452,328,311,386,468,561,515,521,384,167,343
0.05850690019006277,10,1,348,480,323,458,481,443,155,463,398,485,364,489,274,510,400,377,309,553,395,443,428,508
0.8797873458129207,10,1,446,472,535,641,592,499,435,307,404,503,267,440,286,548,488,488,483,604,569,285,546,202
0.16389353833489617,11,1,347,413,335,263,269,464,130,330,319,390,279,393,325,516,314,269,464,277,340,344,336,467
0.588096968275607,10,0,415,371,581,209,393,359,424,453,419,394,445,347,351,374,569,446,466,479,413,379,407,436
0.11945658531990266,11,1,341,408,287,444,333,248,389,410,240,377,380,360,354,381,469,230,330,466,477,496,270,514
0.9351133894531946,11,0,451,321,285,314,603,271,480,395,603,324,456,257,492,157,404,552,512,272,502,268,574,249
0.17172521119430884,11,0,360,335,472,567,399,418,589,458,518,341,346,377,455,356,388,192,468,402,481,279,303,334
0.337961357945638,11,0,376,358,470,233,446,424,427,249,390,210,172,233,495,384,456,265,550,546,337,508,451,599
0.21777497099488963,11,0,364,342,592,278,304,182,250,211,326,407,491,264,389,336,284,144,241,258,374,323,235,365
0.36587007998409127,11,0,379,362,274,423,490,347,259,264,555,211,335,472,475,226,601,430,242,271,348,202,478,447
0.36751958309432675,11,0,380,362,515,402,476,180,429,374,539,482,471,214,328,284,403,242,492,340,340,470,493,338
0.7704513623109666,11,1,444,419,393,542,415,492,479,360,406,360,465,376,294,518,282,266,308,369,537,631,578,407
0.5444561468176429,10,1,407,431,572,445,512,516,623,358,495,387,496,380,489,698,530,425,359,392,489,294,395,510
0.527600549571539,11,1,405,430,538,382,536,490,596,470,459,559,267,480,433,586,496,376,493,488,373,461,436,441
0.728633643147981,11,0,430,349,440,267,479,370,411,487,578,339,536,369,432,332,239,193,493,498,448,184,304,364
0.2509201121104153,11,0,368,346,364,334,518,412,327,379,254,307,235,305,230,300,467,240,260,414,258,352,315,371
0.37031512782076625,11,1,378,427,232,121,196,506,209,424,407,316,451,673,481,356,214,553,446,485,430,372,303,329
0.013690466778184085,11,0,344,314,263,289,209,308,165,214,563,251,422,390,575,357,413,445,206,419,78,433,139,302
0.3722675279817995,10,1,380,437,336,480,541,455,475,422,366,676,538,369,325,582,511,294,430,354,330,471,353,473
0.21077611752327752,11,1,353,417,175,275,476,353,426,378,307,585,371,328,441,456,286,509,106,361,221,390,531,530
0.6442646366261477,10,0,424,373,518,251,504,456,340,328,285,522,374,291,475,284,276,336,307,601,513,307,435,425
0.5605515309022585,10,0,410,371,484,358,317,448,631,378,370,351,348,342,499,413,229,386,486,376,304,261,380,408
0.1764465208409305,10,1,360,464,299,475,399,464,311,419,330,364,679,291,321,543,408,492,472,419,381,579,539,512
0.8568181674816759,10,0,456,390,321,306,397,432,313,268,291,521,434,238,555,477,607,502,355,338,353,278,499,355
0.534016233967417,10,1,406,431,320,518,367,349,273,361,360,343,348,377,305,338,343,487,567,726,450,337,335,505
0.07464165890120056,11,0,350,322,215,336,431,452,288,337,375,355,238,282,379,189,279,342,295,298,294,351,352,357
0.526889858930154,10,0,405,370,378,198,194,453,463,414,443,490,307,477,344,339,401,335,419,298,335,132,442,360
0.15887441229678745,10,0,346,388,354,392,448,456,404,348,263,224,332,519,307,317,274,321,289,317,392,170,448,308
0.4602708889971616,11,0,393,369,387,314,298,371,336,375,369,398,415,249,272,294,608,478,418,237,431,257,353,381
0.45406716284425275,10,1,392,431,328,531,287,327,260,473,328,400,545,498,233,345,515,512,370,442,364,594,392,471
0.619968284112161,11,1,420,428,357,328,501,454,299,334,342,403,394,358,419,563,192,562,338,629,324,515,446,441
0.7008808711686854,11,1,433,424,360,514,288,390,427,428,214,252,478,418,454,444,542,516,502,473,421,472,501,216
0.6594095567692857,10,1,424,441,425,404,542,505,568,490,511,572,537,527,423,407,480,553,465,648,560,451,673,211
0.08932861513629997,10,1,351,476,393,398,270,518,374,470,365,641,345,359,378,504,94,427,411,409,414,323,154,518
0.12462361874970274,10,0,342,392,308,320,126,258,460,553,563,230,175,133,348,549,293,405,221,423,413,283,504,350
0.24964642040766816,11,0,367,346,443,411,299,477,323,343,361,285,390,467,325,336,318,233,321,408,238,390,200,287
0.7979959401848721,11,1,448,416,425,375,510,418,377,400,412,580,422,209,542,409,570,326,356,471,185,427,493,412
0.18514761300906357,11,1,350,415,359,446,304,516,364,329,386,623,263,263,154,413,370,455,441,332,385,482,369,351
0.3394330573827563,10,0,373,374,419,322,292,264,229,267,357,319,505,261,341,385,454,325,254,266,321,372,427,506
0.7221716979273383,10,0,437,378,304,436,211,617,431,378,448,416,607,360,460,339,360,294,419,299,573,528,575,425
0.48144913707496984,11,1,397,430,208,568,439,455,550,333,314,536,567,393,410,414,309,282,366,496,326,356,339,261
0.7820182778619064,11,0,436,342,580,399,499,410,489,232,381,314,378,197,542,271,263,208,425,355,441,425,358,405
0.7784946742737866,11,0,435,342,294,307,387,308,524,304,268,570,337,357,436,247,579,362,382,238,379,355,389,420
0.8729675924024822,10,1,445,471,517,473,344,524,543,407,429,508,518,484,507,376,311,240,499,448,415,212,513,484
0.8774613919260272,11,0,445,329,336,260,521,151,444,401,504,448,299,408,635,332,496,277,388,328,418,334,450,311
0.5930770572226167,11,0,415,366,511,346,430,372,314,436,389,330,486,516,431,297,286,277,462,379,471,123,360,432
0.9970999529375507,11,0,457,312,387,499,333,476,570,480,328,314,358,437,622,349,347,254,387,279,575,179,504,241
0.4163771421460277,11,0,386,367,324,176,454,415,427,294,519,537,373,462,366,471,547,266,302,387,419,335,327,415
0.2984561514290217,10,1,372,447,330,529,558,558,264,477,317,392,422,482,499,325,289,424,348,396,268,525,524,497
0.5555332612307937,10,0,409,370,453,279,363,374,557,397,307,473,495,317,603,426,444,427,384,372,381,87,355,359
0.2804524368202532,10,1,370,450,319,402,362,529,450,340,430,333,315,526,289,446,251,515,363,594,341,315,372,382
0.4015397126823379,10,0,383,372,310,358,473,351,421,388,269,266,467,542,178,340,486,457,470,463,435,451,502,441
0.81268378918009,11,1,450,415,553,494,485,488,380,407,198,414,369,600,309,421,415,393,450,374,312,341,295,148
0.1049386004187276,10,0,339,394,262,481,381,271,391,381,271,307,409,323,472,435,260,446,383,374,468,435,500,357
0.40847856823762985,11,0,385,366,327,330,343,255,375,321,600,344,189,347,218,482,693,413,245,346,401,303,463,289
0.576654457002737,10,1,413,433,490,449,331,587,479,480,609,451,511,375,419,366,470,375,567,412,478,452,518,537
0.44467826306717917,10,0,391,370,348,228,386,356,425,368,321,264,350,450,312,426,547,477,434,472,308,359,566,330
0.5167322447247001,11,1,403,430,449,525,582,450,197,507,372,360,434,416,386,638,336,409,343,431,390,480,502,466
0.12003735204650368,11,1,341,408,172,350,246,559,377,485,423,388,278,448,374,389,366,364,41,601,230,583,270,426
0.7245243672881503,10,0,437,378,522,369,299,518,352,326,349,419,546,406,568,367,317,311,589,324,413,357,508,416
0.9271976728783834,10,0,465,398,526,436,454,535,415,458,530,249,463,335,522,472,600,300,477,437,367,389,440,462
0.4372326315844458,10,0,389,371,342,491,529,371,322,544,401,401,389,379,351,443,458,539,341,363,270,393,448,437
0.23363527172700238,10,0,357,381,334,428,396,540,454,420,169,324,196,422,519,441,358,233,337,451,332,423,350,286
0.3497078933060732,10,1,377,440,251,338,273,357,195,373,408,588,463,428,480,484,505,506,401,417,397,342,452,159
0.6145654499104766,10,0,419,372,440,392,450,419,333,177,517,481,474,370,639,498,274,386,579,477,309,273,394,446
0.3592272043469209,10,0,376,373,283,376,354,411,409,327,415,240,379,529,355,389,429,270,319,576,317,337,308,355
0.9150149624113657,10,1,449,476,332,497,319,589,446,534,489,500,388,419,296,554,394,543,468,531,452,566,465,660
0.7824731754466836,10,1,436,458,275,518,393,374,416,354,441,378,511,464,410,404,482,448,493,450,557,352,659,373
0.7278371268670409,10,0,437,378,457,369,216,323,637,627,468,271,402,216,342,349,378,549,530,368,589,267,486,318
0.722788418079597,11,1,437,422,335,581,420,667,425,330,526,382,210,390,393,411,509,417,355,479,387,401,465,564
0.7776698145305707,11,1,445,418,513,186,339,570,480,360,367,466,600,360,546,329,478,543,469,353,370,398,505,243
0.3988443312468861,11,0,384,365,462,364,301,323,563,472,402,487,425,254,424,492,309,411,431,243,448,290,387,614
0.5694632931454136,10,0,412,371,270,378,314,463,288,386,359,370,333,352,380,454,295,239,312,378,451,446,460,482
0.735773751201162,11,0,431,348,305,437,429,604,516,338,375,246,254,301,410,320,429,335,543,425,421,342,625,508
0.509531213052141,11,0,402,370,442,356,342,242,462,226,476,180,487,219,343,201,327,385,272,262,380,509,460,469
0.453601421515058,10,1,392,431,214,421,478,463,318,756,437,346,460,466,288,349,423,368,333,337,501,511,448,556
0.5946017831832578,10,0,416,371,357,294,483,224,493,296,364,440,580,292,551,460,600,568,402,295,572,222,590,194
0.734040288021688,10,0,438,379,462,359,622,380,471,269,277,340,503,320,369,273,437,372,602,443,466,448,457,337
0.05352964405760008,11,0,348,319,223,259,272,590,386,390,275,271,447,410,321,317,329,367,340,399,421,400,533,299
0.5325968748291677,10,1,405,431,292,570,462,422,392,517,484,425,418,627,313,543,408,425,613,391,547,522,450,401
0.9534193507864164,10,0,468,401,571,555,686,385,703,465,425,333,370,393,470,432,350,602,489,326,555,306,631,404
0.07491942295344889,10,0,335,397,266,369,277,505,366,429,366,382,423,335,343,503,276,351,261,201,274,375,482,520
0.04774506987778171,10,1,347,482,234,581,431,523,406,411,163,536,402,409,191,445,333,414,265,474,300,576,380,432
0.5320757097797728,11,1,405,430,295,496,482,398,433,335,410,500,568,268,445,569,345,297,200,313,389,533,438,382
0.04557414902208301,10,1,347,482,337,513,240,503,492,457,279,475,468,704,277,493,239,590,361,518,422,410,335,524
0.7193484037330693,11,0,430,350,442,416,404,581,390,273,444,485,451,47,658,307,454,471,341,438,385,422,360,373
0.5315924322983315,10,0,405,370,326,318,479,408,245,314,477,387,226,348,325,267,329,345,381,298,464,416,408,356
0.5235723891824244,11,0,404,370,397,330,541,256,400,160,608,302,382,365,460,361,166,328,438,353,346,356,374,205
0.3590513416485177,10,1,379,439,259,416,525,485,320,359,460,575,29,324,436,587,372,393,161,459,231,383,379,485
0.26283157339826646,11,1,361,421,198,375,175,492,280,404,446,223,392,502,292,508,642,453,411,294,359,302,435,571
0.9130102120789535,10,0,463,396,412,349,683,366,439,358,485,384,381,539,646,378,581,295,327,415,425,360,230,418
0.13928843662013324,11,1,343,410,361,454,464,275,314,321,497,242,308,489,369,254,310,465,465,539,369,321,258,356
0.9152465248791456,10,1,449,476,501,541,341,442,457,409,419,533,558,526,284,470,479,666,500,486,520,378,390,422
0.5035161774716237,11,0,401,370,280,255,387,269,361,165,363,401,450,190,421,321,470,264,395,299,354,249,271,358
0.9081361669469276,10,0,463,395,477,514,434,334,465,346,420,529,670,244,469,286,585,683,440,320,351,493,517,476
0.6781260145024308,10,1,425,444,459,566,667,391,646,519,462,305,347,326,352,398,472,678,395,382,355,315,421,455
0.3868987087760849,10,0,381,372,419,452,459,370,475,353,407,475,481,358,365,432,438,431,378,429,347,411,398,380
0.06803091645119663,10,1,349,479,358,546,349,564,321,430,437,408,285,393,421,473,460,338,390,489,482,239,359,471
0.2732028527708561,10,1,370,451,390,531,395,423,537,470,437,555,367,332,645,552,369,590,352,488,541,405,90,485
0.6532175940460019,10,0,426,374,331,439,560,467,442,305,445,475,275,340,349,367,239,275,351,472,348,350,368,415
0.5964402608454763,11,1,416,429,428,446,504,424,263,330,357,334,511,254,548,420,498,568,333,429,426,566,244,546
0.03363134551002955,10,0,331,403,128,482,215,605,280,353,335,454,172,461,285,539,245,303,259,443,270,478,457,367
0.5014682066245765,11,1,400,430,424,539,617,450,554,240,300,468,254,469,562,486,502,564,433,340,300,618,211,475
0.6187738922253002,10,1,419,437,407,471,449,369,559,413,343,668,468,563,474,531,346,530,626,323,524,226,442,489
0.8706100951334067,10,0,458,391,621,328,392,431,523,317,514,504,226,426,542,186,539,303,331,320,404,506,452,297
0.5402687674024356,11,1,407,430,484,422,570,447,452,266,350,485,500,410,393,567,541,405,377,291,339,467,407,266
0.09419703269074231,10,1,352,475,530,470,470,631,450,395,216,588,359,621,288,421,353,612,290,599,378,640,494,513
0.38303228835553016,11,0,382,364,400,575,434,457,368,446,362,238,382,336,414,260,403,461,374,408,472,562,425,449
0.6592562685364831,10,0,427,374,391,320,589,266,532,386,374,375,276,355,535,288,526,494,311,153,475,565,420,357
0.5145588497166638,10,1,402,430,311,562,493,427,346,239,360,387,586,430,413,496,531,339,638,206,277,308,568,472
0.4474422408323051,11,1,391,430,522,529,333,303,514,423,535,366,577,567,427,582,530,425,417,275,285,484,396,417
0.29572924141598966,10,0,366,377,345,377,319,320,459,611,313,333,520,379,98,311,372,221,479,423,317,566,314,434
0.19928683839618655,10,1,362,461,483,396,520,411,314,635,244,414,375,512,315,600,274,495,436,501,233,579,533,465
0.6376510260174547,11,1,423,427,477,274,351,420,318,317,465,419,541,309,500,472,179,501,581,372,498,366,493,335
0.03887803981167204,10,0,331,402,268,436,420,331,321,296,156,565,385,573,324,338,424,315,267,478,162,307,179,374
0.06263794687412372,11,1,334,401,225,495,308,430,352,282,336,520,287,412,421,457,314,276,269,657,245,334,177,368
0.5005488560270793,11,1,400,430,265,273,378,556,281,336,362,364,382,322,348,560,298,544,394,401,390,458,452,361
0.43815818715091226,11,1,390,429,443,377,589,572,579,535,644,383,536,530,477,196,384,345,431,480,146,510,345,518
0.1314146377146468,11,0,356,330,405,469,363,430,472,399,367,341,512,433,188,530,350,378,373,346,184,326,387,377
0.24056644273421313,10,1,366,455,158,552,305,334,424,428,499,424,290,388,359,451,346,554,234,510,384,443,439,488
0.6923968276638673,11,1,432,424,460,439,391,426,464,335,371,405,525,429,438,393,577,480,357,475,435,394,531,334
0.8361196096093912,11,1,453,413,499,331,605,425,268,423,504,401,395,428,521,510,325,288,434,433,528,502,582,433
0.41053560259638766,10,1,385,434,300,408,444,529,326,492,474,402,545,408,285,447,229,471,506,508,241,303,464,377
0.9803582154534295,10,1,456,485,459,536,580,256,394,432,491,394,476,400,361,420,452,594,338,631,595,386,524,418
0.9615045978600726,11,1,469,398,430,311,423,416,427,476,391,375,492,503,540,232,485,464,435,466,350,492,464,385
0.7941413561276165,10,0,447,383,440,422,506,245,409,415,320,300,457,294,623,275,385,420,463,532,488,380,403,358
0.2744089049103504,11,0,370,350,484,257,560,144,294,481,509,319,479,296,318,159,312,291,424,397,307,265,375,405
0.5548248580327672,10,0,409,370,476,375,327,296,390,444,501,290,441,439,366,537,365,232,394,303,389,339,374,334
0.3187882152546202,10,0,370,375,319,521,245,389,362,335,554,288,213,279,340,388,316,438,362,433,499,542,399,519
0.9001634765799353,10,0,462,394,437,277,399,414,581,238,403,452,461,389,359,145,517,542,480,205,418,289,414,375
0.9887952993770194,10,1,456,487,680,536,327,502,637,501,320,476,464,437,478,562,379,385,314,404,267,589,297,347
0.9472837144624748,11,0,452,319,539,295,469,400,352,460,447,241,442,235,523,298,465,439,563,357,362,308,434,481
0.3639479802447101,10,0,377,373,343,411,505,328,246,334,401,219,328,254,444,519,501,247,250,362,397,452,386,270
0.6258507199950031,10,1,420,437,238,580,506,452,319,557,484,417,311,255,383,489,413,192,453,481,323,640,439,442
0.4377285877779079,10,1,390,432,315,475,331,315,354,456,430,433,535,311,399,461,386,332,388,467,480,474,426,325
0.7837657594712207,11,0,436,342,442,392,458,374,257,342,403,130,472,413,496,199,405,365,571,382,551,246,514,257
0.4178499544311388,11,1,386,429,447,639,251,413,518,463,446,337,345,449,312,238,394,491,271,673,368,380,297,539
0.013928111366231066,10,0,329,405,387,620,274,118,236,298,277,472,163,322,356,427,107,391,114,457,292,520,343,425
0.2883871911332231,11,0,371,351,524,549,295,334,279,279,285,372,320,286,381,343,379,293,416,344,391,333,364,570
0.00845466440172482,10,1,343,487,308,627,461,594,291,381,429,446,183,538,331,576,362,597,332,619,402,578,420,482
0.03914167242388522,11,1,331,398,460,388,326,522,184,505,323,537,330,356,333,302,244,552,240,336,287,371,273,468
0.2634909699757986,10,1,369,452,387,561,434,469,407,412,264,609,450,435,448,452,320,429,387,392,462,670,394,576
0.33809599726673345,11,1,373,426,264,452,470,493,480,436,527,502,429,461,602,441,440,502,316,555,406,364,342,437
0.11277496322392488,10,1,354,473,336,498,261,597,504,565,473,574,326,548,260,493,452,278,222,674,545,446,423,759
0.45320605820646265,10,0,392,370,636,431,422,364,375,339,532,348,358,356,371,181,392,521,423,320,290,357,257,403
0.060657454181872406,11,1,334,401,492,585,342,416,373,332,311,387,288,575,489,443,279,275,570,237,294,471,325,451
0.49446477799218214,11,1,399,430,277,423,313,331,351,361,359,545,284,375,353,483,308,167,351,368,276,478,343,289
0.8002687505642506,11,1,448,416,431,531,462,461,304,335,338,440,474,471,646,363,481,260,677,536,557,415,337,396
0.18402034954559576,11,0,361,337,269,326,356,597,191,268,396,459,396,372,352,223,511,386,404,561,460,173,292,344
0.9272512318922393,10,1,450,478,497,617,510,500,522,247,551,678,477,438,537,533,331,315,586,387,448,533,331,595
0.4388462946987789,11,0,390,368,339,362,325,351,416,453,469,428,550,453,469,204,375,298,405,253,367,197,445,367
0.09456500137964119,11,1,338,405,319,486,249,394,326,426,382,401,515,392,410,423,368,442,372,386,253,325,446,361
0.07728262169990396,11,0,350,322,362,339,135,216,521,410,297,528,398,308,388,407,316,231,262,339,420,329,295,307
0.9649323276557789,11,0,454,317,455,302,361,237,381,352,469,466,456,418,518,241,451,232,309,239,418,305,386,225
0.5655439127822617,10,1,411,432,405,368,318,346,287,603,558,391,362,411,378,345,512,432,584,425,382,365,475,482
0.1485631114173972,10,0,345,389,436,498,412,457,265,324,221,400,469,477,478,536,167,130,408,336,426,413,477,334
0.3957235111715989,10,1,383,435,453,452,510,541,346,535,423,487,430,377,481,386,351,477,631,327,495,399,423,288
0.7595964151649742,11,0,434,345,343,262,354,379,635,333,401,596,387,297,378,293,625,348,310,106,438,296,260,232
0.8770162313955869,10,1,445,471,525,428,530,586,545,500,559,606,590,320,459,456,426,468,494,455,431,484,471,505
0.5881233690055685,11,1,415,429,534,511,308,425,315,493,556,574,326,414,449,456,43,459,492,704,537,399,481,505
0.638358717040797,11,0,421,361,569,346,473,233,357,397,446,505,505,235,356,502,550,403,460,424,370,549,324,487
0.8230248052337714,11,0,440,336,343,253,380,353,333,133,482,385,371,211,483,364,235,290,472,414,477,358,422,376
0.16882260869898658,10,1,359,465,342,409,364,433,104,399,373,299,407,508,450,373,357,258,712,530,397,465,573,493
0.12443343859985334,10,0,341,392,331,299,294,263,448,332,297,565,241,481,262,312,233,499,269,333,302,334,182,230
0.4318749729741602,11,0,389,368,233,368,469,369,319,369,396,352,302,410,382,317,423,312,501,238,229,500,275,238
0.8130607234239998,11,1,450,415,462,365,479,539,520,294,569,292,487,420,641,567,505,216,408,401,310,404,372,480
0.1759884460998734,10,0,348,386,378,494,232,591,421,592,373,422,582,438,256,529,485,399,260,335,267,321,326,405
0.10044465595595731,11,0,353,326,274,396,358,270,351,356,292,292,362,359,314,433,394,546,467,372,382,294,146,282
0.45938537848892447,11,0,393,369,461,352,287,510,441,284,591,424,458,271,347,504,324,292,396,307,269,265,303,383
0.8297120291887538,11,1,452,413,402,452,515,504,326,422,507,665,618,347,646,417,370,465,484,381,344,638,521,283
0.8839987860296122,10,0,460,393,548,418,437,368,303,488,506,175,317,342,677,363,563,276,400,288,382,451,293,566
0.5772097630493118,10,1,413,433,378,232,284,460,331,425,478,337,499,530,377,486,377,400,454,658,301,545,337,353
0.09341341311468532,10,1,352,475,341,472,287,472,297,413,199,496,224,409,313,657,352,412,492,441,336,467,455,489
0.7510712737402943,11,1,441,420,454,493,485,496,381,460,500,591,350,491,387,373,247,403,415,446,334,350,551,478
0.15816813039200994,11,0,358,334,327,289,491,398,103,566,133,348,187,242,224,332,391,307,307,373,368,403,314,272
0.18765439882956036,10,1,361,462,273,396,343,348,470,377,375,438,397,438,250,238,295,298,270,439,363,443,351,494
0.9684070658770877,10,0,470,403,410,480,671,411,420,378,420,348,669,334,654,341,491,499,291,461,692,522,442,371
0.6900840460922998,10,1,427,446,454,617,266,480,427,500,478,486,494,500,471,582,441,473,334,442,272,556,383,473
0.05591553751866973,10,1,348,480,153,537,457,441,302,414,332,499,469,566,222,733,412,474,474,480,365,613,275,511
0.01584588207883919,11,0,344,314,304,285,406,447,422,313,441,339,317,207,388,254,292,233,298,413,353,422,120,163
0.34753750039592224,11,0,377,360,238,298,332,266,279,302,506,268,306,296,172,316,325,399,321,241,384,432,320,356
0.36948851718137987,11,1,378,427,282,336,321,553,358,185,386,569,408,391,414,503,232,340,308,418,468,443,327,322
0.3499812448838233,10,0,375,374,399,320,464,307,541,372,385,487,580,492,355,329,413,347,547,416,353,508,346,362
0.6666584801540342,10,1,424,442,341,571,331,548,512,179,517,477,371,597,451,305,450,397,304,276,347,348,298,322
0.8426800521442213,10,0,454,388,291,459,570,527,336,360,477,388,547,410,447,408,396,291,470,368,388,468,353,469
0.9308671581967365,10,1,451,479,407,542,484,417,397,466,609,649,523,487,378,624,467,584,410,462,433,587,412,318
0.6419614723790684,11,1,424,427,372,439,481,436,490,180,263,302,635,499,371,499,287,616,379,166,551,498,365,343
0.22747825409493672,10,1,365,457,280,485,450,641,362,438,433,399,360,388,567,580,398,455,379,316,342,347,430,443
0.09993558556369042,11,1,338,406,464,476,515,378,384,309,355,412,344,280,367,473,441,436,238,467,451,461,381,382
0.9404431996947019,10,1,452,480,379,468,378,508,519,181,658,245,552,353,451,623,490,429,492,521,507,368,326,427
0.6030718583254112,10,1,417,435,403,425,540,354,548,426,394,472,446,439,325,225,506,441,306,425,356,419,403,354
0.9665209055142832,11,0,454,316,495,408,510,269,405,587,371,218,469,432,465,451,418,388,329,496,571,354,643,196
0.1924723308132581,11,0,362,338,335,233,184,211,199,342,395,354,238,329,243,297,425,133,394,369,489,486,505,368
0.34125968305776266,10,0,373,374,377,455,303,521,185,417,289,374,323,341,478,342,244,232,348,400,521,381,299,369
0.07945049223443923,10,0,336,397,371,355,358,548,457,448,335,471,264,634,395,412,397,427,249,334,288,259,255,344
0.08855848197626182,11,0,351,324,214,535,257,314,364,431,426,486,371,242,262,299,346,395,459,312,195,267,495,477
0.30780707590117473,10,0,368,376,392,196,209,500,358,522,394,483,412,350,378,266,205,294,555,382,355,334,349,468
0.20753441555592078,10,0,353,383,364,338,195,569,262,308,244,261,273,307,331,449,262,401,179,633,271,485,458,310
0.8819389895643938,10,1,446,472,316,533,408,671,497,383,487,588,527,530,535,605,471,537,441,340,323,497,520,461
0.48523880140754383,10,1,397,430,346,402,527,563,379,403,449,585,269,490,292,512,590,418,488,386,543,451,389,408
0.45962801295182354,11,1,393,430,363,586,450,445,293,493,363,427,527,535,237,479,436,494,376,482,517,351,420,511
0.620191085705429,10,0,420,372,439,184,334,192,448,625,210,499,596,370,500,343,326,397,469,303,340,392,396,276
0.6564884253131434,10,0,426,374,219,445,402,334,492,450,639,356,256,242,408,283,317,432,411,381,449,322,410,224
0.3393003220798999,10,1,376,442,366,515,398,259,382,475,248,380,517,504,359,444,542,509,189,420,413,675,504,471
0.0631397012521151,11,1,334,401,283,398,194,258,382,195,386,401,305,405,469,432,505,411,272,289,461,285,303,227
0.957452223307616,11,0,453,318,493,282,462,245,351,243,486,303,692,317,476,142,283,432,463,248,521,406,365,213
0.1545123503252832,11,0,358,333,372,305,314,334,457,472,266,266,438,309,292,219,397,448,309,451,350,323,315,216
0.6875354335329654,10,0,431,376,499,272,490,373,525,483,371,333,437,616,531,452,332,416,522,326,584,525,576,217
0.5818313615780846,10,1,413,433,555,232,420,425,416,535,269,402,448,296,434,496,520,408,200,488,574,410,432,478
0.29821651947725325,10,1,372,447,335,435,337,513,349,339,325,573,490,346,290,506,415,417,278,252,471,542,399,585
0.4219612836951093,11,0,387,367,494,302,260,437,520,320,503,524,451,481,282,340,407,394,371,444,302,391,438,167
0.8396634457626216,10,0,454,388,309,408,226,183,546,321,383,352,390,425,446,227,467,477,471,379,596,511,714,311
0.17413381814621187,10,1,360,464,410,603,302,468,424,611,432,524,305,378,276,472,418,565,389,380,290,461,247,312
0.22188723861109017,10,1,365,458,483,610,442,508,254,523,510,425,412,439,362,463,261,373,477,446,435,414,469,232
0.19977810901681392,11,0,362,339,322,428,271,75,311,358,413,125,297,206,517,421,470,338,400,382,390,197,302,289
0.25074604273544654,11,1,359,420,416,635,354,497,246,372,283,305,360,454,488,460,331,445,352,304,611,389,467,329
0.05183281342861179,11,1,333,400,358,323,534,192,297,455,299,367,513,416,284,521,495,368,337,297,195,480,406,437
0.9505557961964826,11,1,468,399,470,421,571,528,461,412,361,229,595,567,658,540,623,343,489,227,416,484,474,449
0.13832149775325553,10,1,356,469,364,463,367,396,369,541,361,493,439,511,365,433,433,400,506,551,294,619,409,583
0.2538520924806593,10,0,360,380,262,284,477,32,311,366,350,383,364,413,356,483,361,232,358,451,281,279,260,207
0.19869890306174143,11,1,352,416,454,365,451,327,565,566,422,295,345,510,182,466,249,489,403,362,475,458,160,436
0.45846002342790537,11,1,393,430,355,322,329,491,189,442,413,339,445,426,507,545,532,544,385,255,548,455,512,612
0.47113480163465793,10,0,395,370,343,423,428,521,314,114,356,369,492,191,492,399,498,259,556,452,420,285,443,234
0.32226506935604693,10,0,370,375,439,154,263,368,279,437,257,490,353,434,424,455,371,386,221,369,533,526,216,359
0.22619210674656998,10,1,365,457,369,428,549,459,540,554,456,481,477,567,439,378,371,464,445,415,472,588,387,313
0.7937676324662721,10,1,437,460,586,397,404,589,572,505,333,295,433,428,224,523,381,449,250,594,414,512,315,421
0.7457770921542162,11,1,440,421,482,515,328,321,377,541,381,338,397,416,532,526,545,540,521,498,422,316,507,560
0.9068482005412684,10,1,448,475,222,180,638,426,553,516,296,446,398,514,640,511,503,260,451,315,211,603,436,547
0.968783722053621,10,1,454,484,660,476,517,367,516,335,398,583,285,578,512,516,497,448,454,580,222,380,269,468
0.8679367850403743,10,1,444,470,529,469,470,625,292,485,420,405,536,591,319,461,533,451,364,490,362,567,412,354
0.2645706384147076,10,1,369,452,255,308,529,309,312,403,439,359,274,470,512,407,312,483,253,682,351,548,348,440
0.25984195763328544,11,0,368,348,254,359,438,305,347,224,342,514,445,483,225,248,162,454,205,369,225,435,466,418
0.9985650335450317,10,0,473,407,413,465,622,514,483,539,625,459,527,600,530,299,450,327,690,370,466,394,385,272
0.16801966449663241,11,1,347,413,419,338,318,379,62,346,464,575,361,298,304,549,294,549,472,296,230,547,412,202
0.7896411394826993,11,1,447,417,533,386,461,303,375,512,490,377,304,509,468,302,446,354,461,474,615,545,569,323
0.49513055480921997,11,0,399,370,444,441,354,287,515,172,279,409,372,480,456,454,336,340,438,254,302,426,394,353
0.32674881078672435,10,1,375,443,471,384,294,355,331,483,215,435,202,488,267,407,348,552,311,519,318,557,444,423
0.7742656594991598,11,0,435,343,463,403,530,371,384,397,423,285,284,462,526,375,387,393,551,296,393,389,291,295
0.7246118438560768,11,1,437,422,335,607,458,497,600,350,517,649,454,310,418,298,466,411,430,524,340,648,558,404
0.3439684066700278,11,0,377,359,392,328,424,376,361,532,563,511,285,344,172,462,476,424,497,440,313,268,345,270
0.011423771443949238,10,0,328,406,101,298,364,511,221,443,415,295,601,371,443,439,189,340,362,716,329,361,391,435
0.20342675964033596,11,0,363,340,381,263,336,214,358,521,215,512,445,225,458,467,507,237,340,451,317,432,257,370
0.759597754204914,11,0,434,345,373,409,421,353,393,332,393,376,461,343,366,426,247,363,555,313,369,287,415,431
0.7030793066869567,10,0,434,377,256,430,338,372,549,391,449,260,414,312,406,457,480,592,348,312,446,466,421,280
0.9062892654009931,11,1,462,405,399,440,416,219,402,494,600,495,511,350,511,502,587,432,356,396,555,273,437,305
0.31942493618548184,11,1,370,425,568,427,528,426,360,307,424,318,290,446,395,452,340,407,283,399,347,358,320,347
0.8048531826614593,10,1,438,461,450,562,396,475,553,627,576,470,517,481,257,695,390,358,498,498,414,377,499,497
0.13111453028560527,11,0,356,330,232,499,169,258,332,189,336,386,424,309,487,337,426,449,363,358,493,315,364,469
0.4076377456366521,11,0,385,366,397,597,646,591,325,348,563,443,326,433,386,488,565,385,423,346,378,300,419,257
0.18880549129675572,11,1,350,415,511,378,300,489,355,400,247,551,151,421,376,417,217,391,529,329,418,292,376,416
0.19817117489246616,10,1,362,461,348,390,296,441,467,247,236,485,471,588,351,437,407,463,324,641,406,398,461,456
0.8445013388376921,10,1,442,467,402,334,354,497,403,460,493,499,580,435,636,447,395,464,444,568,413,720,472,527
0.9153145540339259,10,1,449,476,444,437,525,593,357,500,430,664,432,432,442,563,607,433,466,506,552,510,390,448
0.4211764659913364,10,1,387,433,458,405,233,487,592,423,367,605,324,455,292,439,363,457,350,513,362,606,197,274
0.04492384434143393,10,0,332,401,359,330,378,411,285,445,337,401,116,376,252,375,323,365,335,390,271,384,436,340
0.34097226848576956,10,0,373,374,583,131,400,375,279,467,330,249,372,453,455,320,252,371,560,160,294,329,340,359
0.4431172590651786,10,1,391,432,549,506,171,523,585,260,417,587,432,510,399,537,400,272,327,387,265,336,246,225
0.41622993598387326,11,0,386,367,315,358,387,377,219,429,272,410,371,363,325,518,313,354,300,314,415,437,575,494
0.10329692959429637,10,0,339,394,348,524,368,222,399,285,336,347,350,613,257,483,352,427,395,530,514,442,323,396
0.21964711981093843,10,0,355,382,285,403,355,338,446,484,419,359,312,403,406,503,320,269,216,508,247,369,185,479
0.6737833509774648,10,0,429,375,509,210,619,604,384,505,491,218,503,334,462,267,122,177,305,294,531,574,552,283
0.11681448817399553,11,0,354,328,260,289,391,223,368,308,324,330,457,314,361,209,326,232,390,226,424,251,264,472
0.8096104550392299,11,1,450,415,456,245,723,391,473,165,262,486,589,577,682,387,344,592,267,698,506,398,413,413
0.040678527026738465,11,1,331,398,246,317,295,431,343,367,300,412,510,595,370,444,331,133,350,330,467,417,504,352
0.5214710209917006,10,1,404,430,431,481,383,183,292,496,184,485,450,297,607,463,558,323,512,496,390,429,552,421
0.8965318729213252,11,1,461,406,485,396,307,324,408,427,230,441,523,460,598,396,586,511,454,217,452,360,527,386
0.8326929211667188,11,1,453,413,347,431,269,522,407,458,468,244,491,290,631,622,366,391,592,414,389,287,321,236
0.6952318127579267,11,1,432,424,271,542,247,476,452,380,642,537,589,488,534,527,289,335,596,475,484,310,535,491
0.4406351128711028,10,0,390,371,397,292,424,215,418,457,366,368,488,471,461,319,459,346,454,510,448,301,414,508
0.7811811046560799,11,1,445,418,690,418,278,540,535,421,463,447,420,376,391,516,387,496,415,530,338,388,414,376
0.6386577152271448,11,1,423,427,120,333,362,410,397,421,430,511,364,502,507,276,604,458,475,473,509,304,416,444
0.6474697949304683,11,0,422,360,363,284,366,319,504,292,495,290,356,386,326,194,497,282,470,279,207,683,253,341
0.2240261891960038,10,1,365,457,177,391,524,376,410,533,402,284,396,324,536,341,223,601,252,513,306,333,302,293
0.9372214343507167,11,1,466,401,383,373,350,357,451,457,543,311,532,277,508,359,335,409,478,510,578,287,609,523
0.5995030558725626,11,0,416,365,358,312,400,184,441,453,421,175,365,438,332,518,314,274,432,432,288,380,382,302
0.22092988504751498,11,0,365,342,251,348,241,375,497,253,340,347,470,397,407,326,377,308,323,263,304,205,528,351
0.9354358424310346,10,1,451,479,419,468,500,437,426,566,406,551,512,451,488,493,429,463,359,406,383,515,445,418
0.9555155560822414,10,0,468,401,394,428,383,550,446,195,518,276,572,415,419,527,389,481,480,422,455,237,521,438
0.415301678916453,11,0,386,367,373,468,487,309,558,348,290,491,562,402,402,502,362,163,459,424,413,372,401,571
0.4539388638627241,11,0,392,369,286,556,445,491,333,416,478,212,179,271,163,353,277,426,278,323,217,350,560,267
0.30453545453716624,10,1,373,446,278,513,339,498,245,487,574,507,320,334,433,544,423,532,329,473,498,409,484,401
0.9912200684979876,11,1,472,394,317,362,509,368,541,336,471,264,403,309,563,374,439,467,642,380,518,327,471,400
0.0661272612963032,10,0,334,398,283,379,346,479,478,246,367,375,300,267,377,258,237,535,382,566,332,483,635,471
0.4053803153767721,11,0,385,366,285,29,484,370,362,474,316,490,249,422,366,420,451,355,480,398,289,275,477,230
0.5095583467826431,10,0,402,370,322,346,344,296,295,465,409,276,464,329,615,386,440,459,590,359,349,412,300,373
0.32162233203649826,11,0,375,356,316,233,273,304,268,351,556,345,306,551,453,223,315,312,292,456,371,355,299,485
0.5521229977356904,11,0,409,369,463,410,324,368,452,372,466,394,408,319,426,267,285,407,416,352,446,381,468,356
0.532803687095113,10,1,406,431,326,382,332,560,280,429,401,431,319,387,428,425,563,347,297,414,370,488,547,438
0.8015882941494369,11,1,448,416,468,440,490,410,358,554,374,452,284,465,449,472,598,445,343,396,524,201,467,368
0.8436179666571968,10,0,454,388,496,338,442,280,512,402,616,485,387,321,472,412,460,592,429,368,484,496,365,266
0.09077555642914914,11,0,352,324,330,371,449,159,268,337,392,250,213,397,354,196,509,181,450,408,324,200,505,420
0.6625840003276386,11,1,427,426,349,228,449,318,431,498,497,263,423,538,481,431,376,237,430,481,361,376,509,320
0.46805808605058863,10,1,395,430,471,481,455,328,527,462,537,278,516,460,379,571,494,425,353,413,229,413,518,388
0.8446970084737753,11,0,442,333,375,341,601,275,344,351,687,458,346,285,470,400,358,405,558,430,532,259,361,258
0.42472769229564944,10,1,388,433,325,369,666,510,310,412,559,296,519,498,436,256,336,340,584,480,435,445,414,549
0.14256997888441003,10,0,344,390,382,397,363,517,229,232,352,219,455,405,507,352,379,401,436,471,366,389,371,341
0.5722220852966163,11,1,412,429,345,387,392,328,481,278,489,360,425,466,210,344,360,425,501,400,270,457,306,388
0.5830680843465844,10,0,414,371,291,290,388,67,492,361,372,456,429,287,366,523,427,229,552,256,595,333,275,533
0.36111553998665,10,1,379,439,749,552,430,403,387,316,404,507,466,509,416,334,447,519,343,483,374,326,172,505
0.8420819844240205,11,1,454,412,425,293,269,461,322,363,539,413,606,350,519,457,524,279,550,542,462,576,453,498
0.6560209712372734,10,0,426,374,425,554,551,442,591,360,358,278,401,494,456,435,527,333,400,536,371,436,540,308
0.442053265009663,11,0,390,368,454,351,488,293,369,283,426,203,505,423,407,233,495,443,441,202,392,398,416,306
0.03313133336788854,11,1,331,397,213,446,323,379,423,385,452,383,170,327,660,140,290,434,226,443,279,260,213,427
0.0006134931274638378,10,1,343,488,282,333,363,797,466,514,488,477,446,462,381,563,386,510,373,444,223,440,364,522
0.8777335509486967,11,1,459,408,248,438,204,396,330,423,443,413,449,270,523,413,335,479,438,598,438,528,532,221
0.24955717958597268,10,0,359,380,217,534,356,421,374,245,254,444,306,563,338,459,195,385,386,542,259,332,502,203
0.9642994903224803,11,1,469,398,533,331,627,383,499,348,593,404,352,416,792,357,587,520,611,390,610,567,430,137
0.8450890290217826,11,0,442,333,504,393,532,490,362,335,207,164,389,194,333,255,506,468,353,373,513,531,436,407
0.7340973684933668,11,0,431,348,394,399,478,186,528,411,446,170,343,345,215,281,462,393,561,295,502,419,501,327
0.7892629790512751,11,1,447,417,524,675,439,565,319,390,496,435,702,316,722,553,322,504,536,568,632,390,317,654
0.8983719227446717,10,1,447,474,406,401,425,604,508,400,581,486,387,433,334,310,450,558,407,343,431,363,520,414
0.9056412960361119,10,0,462,395,453,472,506,351,528,237,546,419,452,290,582,292,281,398,693,355,348,394,456,239
0.0643753407757629,11,1,334,401,328,459,308,408,300,401,407,391,305,338,383,364,161,336,455,522,334,459,252,67
0.8134640667755774,11,1,450,415,518,484,451,101,634,588,526,400,390,420,334,415,205,330,418,348,623,283,238,377
0.8039272080948817,11,1,449,416,439,315,519,411,423,309,335,298,580,576,468,415,682,274,401,388,469,514,531,439
0.5418675910641839,10,1,407,431,519,460,400,273,527,387,444,438,415,495,442,452,351,460,440,614,307,329,523,423
0.8165931926277055,11,0,439,337,486,391,339,282,449,362,408,239,359,295,403,199,372,195,346,419,292,349,457,423
0.6678272211946549,10,1,424,443,321,437,356,420,380,485,389,414,488,489,450,526,439,501,348,374,357,434,398,305
0.20033463925532036,10,1,362,461,333,473,362,267,410,182,411,598,299,506,394,541,430,299,338,523,223,630,582,436
0.3164378681412653,11,1,369,425,427,574,311,471,448,405,256,588,534,454,252,428,415,468,294,480,285,296,264,429
0.44380395868857125,10,0,390,371,406,514,180,554,449,599,215,294,167,458,403,340,501,279,311,268,538,381,389,302
0.24775203654039557,10,0,359,380,173,587,315,436,472,384,465,327,228,320,482,376,431,461,442,380,286,466,354,440
0.6752868519897248,10,0,429,375,372,365,559,537,287,451,359,398,364,297,397,283,381,473,424,400,433,450,487,351
0.8856797541816329,10,0,460,393,473,404,440,415,397,333,474,429,444,370,290,525,473,358,516,457,430,404,435,559
0.5138741003811771,11,1,402,430,406,471,385,438,386,501,386,399,294,239,337,543,379,487,487,517,408,297,344,426
0.01814824415906835,10,1,344,486,406,469,276,413,324,448,360,436,340,495,383,437,184,448,463,720,293,305,308,620
0.07257483829978328,11,1,335,402,333,289,617,390,388,457,292,221,246,516,356,306,517,374,278,306,390,476,318,676
0.1881174052770369,11,0,361,338,359,339,215,288,499,339,454,321,507,244,198,458,430,229,444,358,508,305,264,274
0.04392963974032027,10,1,347,482,370,524,420,395,149,521,476,474,184,407,458,501,330,617,557,384,245,417,443,464
0.7948730853213961,11,0,437,340,366,319,427,266,425,593,410,415,512,458,595,253,376,467,382,385,339,327,459,368
0.5332473581369428,10,1,406,431,618,330,300,441,467,482,393,512,198,291,612,431,373,410,439,388,523,443,487,532
0.8518491115286259,10,1,443,468,714,376,508,398,553,437,429,499,470,402,388,585,495,488,343,420,424,633,501,442
0.30605553222965565,11,1,368,424,529,617,407,500,184,329,294,340,421,496,409,393,293,229,456,529,505,492,296,322
0.8967874377719731,10,0,461,394,387,406,295,267,561,309,533,558,545,254,640,499,557,225,437,106,387,360,506,307
0.4395135152499803,10,1,390,432,269,243,315,232,442,484,441,415,471,341,617,345,347,374,431,561,381,187,567,418
0.8771639037289186,11,1,459,408,591,569,477,501,546,321,424,352,356,507,246,435,374,675,451,503,602,464,282,472
0.03380082712888899,10,1,346,483,211,412,351,470,442,589,307,432,266,415,493,431,422,343,154,478,474,489,224,493
0.5797082988785003,11,1,413,429,407,596,189,415,301,367,438,504,460,430,396,547,541,507,503,405,296,351,413,448
0.29125739075053325,10,1,372,448,398,434,294,415,307,650,220,597,344,492,370,387,169,406,376,478,329,370,395,349
0.5156843725344478,11,1,403,430,409,352,311,430,374,383,554,465,301,228,395,413,531,254,422,453,456,487,512,337
0.9978608370697425,10,0,473,407,291,409,370,413,526,358,526,524,412,563,441,685,392,424,530,532,380,471,351,223
0.8540090497109641,11,0,443,332,550,374,530,355,544,447,500,291,415,378,438,251,376,359,467,381,374,436,448,323
0.0471873314352218,10,0,332,401,421,556,246,496,177,465,411,378,257,380,310,367,228,452,155,420,467,493,190,315
0.8996542470806566,11,1,462,406,435,461,606,390,569,359,394,452,352,415,459,392,238,636,404,481,572,450,394,377
0.6765230391951945,10,0,429,375,276,480,400,319,432,531,450,553,339,253,465,323,413,413,481,216,479,277,244,418
0.9594310783138505,11,1,469,398,721,622,464,438,434,376,408,304,563,357,351,269,517,327,501,332,571,387,316,333
0.573420968786764,10,0,412,371,459,400,340,441,390,520,473,173,445,300,408,371,330,202,328,329,335,298,407,429
0.047285448495640425,10,1,347,482,330,616,190,356,388,470,396,465,222,305,406,548,376,415,261,533,318,549,299,586
0.13577674158281927,11,1,343,410,333,468,419,330,194,419,311,489,497,383,319,474,269,276,258,425,187,380,542,501
0.7020661942364231,10,0,433,376,529,368,440,504,412,618,453,194,330,434,523,234,505,482,301,338,328,488,577,436
0.16133450279549189,10,0,346,388,396,471,445,353,343,239,301,326,414,399,372,383,279,296,278,279,420,481,314,347
0.6902072232093456,11,0,427,354,469,390,412,437,303,328,372,485,266,447,554,430,557,438,450,501,300,356,278,440
0.7078480690581902,11,0,428,352,253,251,396,328,571,340,456,316,310,390,561,387,403,173,301,232,542,342,426,422
0.49567909737230376,11,0,399,370,475,506,425,505,387,368,311,274,316,458,632,424,358,355,457,437,355,289,398,456
0.009705917133869368,11,1,328,394,262,319,356,463,546,408,352,466,138,345,324,326,511,427,271,384,348,240,296,348
0.39290400132446757,10,1,383,435,552,355,439,670,382,602,453,508,264,496,276,361,231,453,299,390,533,674,288,260
0.47975543964140344,10,1,397,430,338,597,460,475,242,452,477,406,554,449,374,314,424,299,342,322,465,477,390,527
0.036076009304767176,10,0,331,402,384,215,493,321,156,241,305,485,365,435,427,340,224,260,250,402,416,446,284,362
0.3226125159615313,11,1,370,425,278,297,479,423,443,354,294,297,299,437,436,447,361,269,438,246,352,449,242,282
0.3132084003382457,11,1,369,424,325,429,441,443,196,439,250,149,355,466,548,538,284,450,320,526,391,338,161,322
0.021356717015511784,10,0,329,404,200,325,224,450,421,545,440,392,493,419,373,386,300,236,467,550,386,361,425,496
0.9875850157680954,11,0,456,314,384,383,517,156,417,134,507,383,663,215,501,484,460,199,358,305,418,320,302,514
0.9848504750465329,10,1,456,486,572,379,467,455,389,427,358,486,493,587,556,456,314,530,461,373,486,340,238,374
0.503260658724387,10,0,401,370,344,312,393,390,276,150,578,411,329,545,556,414,238,338,441,433,548,298,178,446
0.6093323975562436,10,1,417,436,395,452,294,639,311,505,533,571,388,670,457,541,496,506,440,385,352,562,467,648
0.6338747773827861,11,0,421,362,472,350,543,301,451,361,323,405,408,236,456,333,635,536,474,201,382,341,402,341
0.0446857276704592,11,0,347,318,305,271,558,372,389,324,140,331,278,125,234,257,412,327,265,189,410,376,435,449
0.03842249600221459,11,0,346,317,364,360,360,304,351,257,368,78,348,292,363,70,398,237,201,180,426,126,288,445
0.26213753742713874,10,0,361,379,430,327,272,464,265,206,437,287,579,309,471,446,373,460,395,268,333,418,295,255
0.8120249694746828,11,0,439,338,634,174,585,389,480,140,451,436,510,384,309,118,345,484,406,351,422,114,585,362
0.3624636863978036,10,1,379,439,397,550,661,348,419,531,302,281,538,454,400,154,472,392,464,542,258,361,322,269
0.46731583819769684,11,0,394,369,300,349,276,347,256,341,495,388,447,360,584,440,374,328,521,297,299,402,257,491
0.661364527575537,10,1,424,442,240,338,631,316,382,519,301,385,463,690,426,455,368,357,475,366,576,538,323,366
0.8146596225513775,10,0,450,385,589,350,545,433,290,483,396,506,384,181,341,450,500,339,529,576,238,326,291,477
0.583628424170449,10,1,414,433,329,622,516,320,532,451,336,382,487,501,242,417,309,358,285,336,392,420,355,433
0.16491535201674745,10,1,359,465,210,383,354,409,206,467,362,457,330,533,154,436,389,387,377,579,360,490,462,543
0.5554570447836682,10,1,409,431,342,457,433,389,649,295,443,377,372,455,254,454,403,540,458,263,497,505,360,440
0.9102761552812693,11,0,449,324,516,423,504,397,480,342,366,377,220,401,287,449,362,323,477,143,380,175,537,300
0.32108519361232746,10,1,375,444,338,475,514,517,457,577,423,432,301,422,319,554,425,472,451,411,387,451,352,449
0.628563333909126,11,1,422,427,417,456,634,432,529,465,482,425,550,398,505,449,332,563,346,391,398,496,459,510
0.38705556007098685,10,0,381,372,257,510,300,378,303,347,501,492,386,242,398,343,405,402,286,494,308,551,268,435
0.010657455453412124,10,1,344,487,228,411,185,531,521,365,419,517,361,405,496,369,304,437,246,481,408,568,300,516
0.15177842166525257,10,1,358,467,211,468,351,452,227,390,368,444,403,463,415,606,308,509,244,395,339,496,261,646
0.5459766183174477,11,0,408,369,272,228,483,458,394,634,530,466,426,299,434,451,421,237,335,341,414,459,451,389
0.6561951848930512,10,0,426,374,578,309,476,436,320,513,339,661,452,322,396,519,442,429,441,488,442,503,275,359
0.5445108684484272,10,1,407,431,450,461,439,398,565,705,278,239,300,298,529,385,596,494,327,407,488,431,376,468
0.7263510507262287,11,0,430,349,394,428,611,345,420,275,477,169,401,403,448,459,359,220,363,381,432,328,225,254
0.40877670693834367,11,1,385,429,396,259,545,397,343,573,385,486,418,497,437,500,350,196,617,405,371,362,320,512
0.05370263336447567,11,1,333,400,381,386,401,407,260,293,594,279,174,417,384,405,385,377,481,302,301,324,531,495
0.1800119910353858,10,0,349,386,426,467,329,368,449,298,327,356,301,358,461,618,344,316,331,294,444,378,509,396
0.26818302271695005,10,1,369,451,308,484,496,440,414,527,363,437,423,370,339,380,300,426,362,483,388,509,342,327
0.017278761590835856,11,1,329,395,352,465,254,376,357,396,194,460,265,401,342,564,209,621,532,463,120,492,423,469
0.2890726564395423,10,0,365,377,342,400,292,385,390,246,406,231,259,383,291,397,481,387,309,442,412,345,307,235
0.593260733185431,10,1,415,434,556,357,317,668,285,470,385,343,416,280,381,534,438,404,473,401,566,461,499,417
