TrueLocationParameter,Configuration,TrueModelUpDown,TrueLocationP,TrueLocationQ,P0,Q0,P1,Q1,P2,Q2,P3,Q3,P4,Q4,P5,Q5,P6,Q6,P7,Q7,P8,Q8,P9,Q9
0.4371310891866783,11,1,389,429,245,451,429,373,400,522,447,444,391,470,325,378,403,500,192,552,440,385,465,537
0.28636731475842414,10,0,365,377,215,322,408,567,287,264,367,431,363,425,287,450,566,271,254,304,424,432,288,424
0.9910778626371134,10,1,457,487,447,507,504,512,533,401,520,475,379,561,454,605,484,513,563,565,437,417,420,480
0.2530960884972906,10,1,368,453,241,330,422,424,235,395,327,374,453,341,108,550,261,436,396,410,397,307,454,488
0.018538393426749455,10,0,329,405,362,323,386,389,305,288,467,336,256,193,130,219,447,314,310,299,343,427,391,423
0.44202822852497214,11,0,390,368,538,355,313,476,368,128,253,296,256,295,287,249,385,349,410,367,378,391,261,355
0.1444432130310146,10,1,357,468,284,395,318,445,352,377,275,491,392,552,415,429,335,391,512,359,391,550,267,565
0.6483943338286818,10,0,425,373,272,355,308,316,380,294,497,387,431,411,513,439,226,224,566,455,574,382,413,367
0.5441047555805858,10,0,407,370,577,331,441,254,506,495,439,398,433,440,505,544,474,559,410,502,541,365,487,190
0.275374276840624,10,0,363,378,494,542,506,284,407,489,208,420,139,330,454,328,508,467,347,312,348,263,541,418
0.596340741340237,10,1,416,434,467,463,299,484,468,403,459,487,460,560,426,393,580,360,377,368,423,418,435,363
0.9297430815955181,11,0,451,322,454,261,419,496,364,351,529,390,563,184,245,420,521,296,524,204,539,454,493,210
0.746497964919349,11,1,440,420,529,376,568,345,561,363,464,544,419,320,451,493,589,396,547,301,389,399,421,477
0.021241895201188354,10,1,345,485,412,369,310,523,208,605,319,410,244,426,393,609,348,506,159,524,371,507,433,556
0.669502256698128,11,0,425,357,453,407,399,352,333,572,439,333,485,294,336,253,509,348,674,425,443,431,347,347
0.3313387394653311,10,1,376,443,310,462,455,329,335,800,450,611,337,391,515,389,335,517,488,205,271,535,144,290
0.7372365020952794,11,0,431,348,348,305,481,292,305,491,376,209,371,203,409,341,265,424,619,367,379,327,350,388
0.4411681116049222,11,0,390,368,456,470,408,178,321,457,239,436,380,558,614,325,289,279,485,387,399,303,305,479
0.6586133834026989,10,0,427,374,350,318,501,367,468,494,302,434,421,257,533,401,403,506,486,564,466,412,635,34
0.9655345108984079,10,1,454,483,506,426,501,379,412,496,397,465,565,681,389,489,495,441,433,619,378,408,321,382
0.9759181367445416,10,0,470,404,400,394,453,305,467,501,696,433,506,470,360,388,295,468,579,477,477,424,495,292
0.527154178377155,11,1,405,430,518,353,343,468,422,449,433,424,360,508,515,275,606,287,480,472,290,547,488,387
0.9323595686324923,10,1,451,479,408,295,549,242,546,438,493,550,369,674,455,435,467,660,487,424,486,444,432,492
0.6678512980935054,11,0,424,357,475,302,430,397,458,364,122,388,397,440,339,426,529,140,435,329,517,474,552,346
0.5856838148110816,10,1,414,433,313,322,449,416,401,318,578,450,472,640,453,362,354,377,372,552,466,365,390,475
0.40429239390908955,11,1,384,429,329,399,468,453,479,318,467,520,380,587,403,642,522,421,351,461,364,485,267,575
0.5059292901436783,10,1,401,430,373,469,353,347,184,292,447,478,385,397,272,315,347,593,286,514,256,486,415,417
0.6541055541745496,10,0,426,374,290,385,516,574,497,333,313,245,419,308,541,521,500,291,634,452,462,528,545,296
0.2029979009219417,10,0,352,384,283,315,323,369,453,450,536,406,254,360,423,393,398,403,432,328,375,365,388,339
0.8014310928389857,11,0,438,339,587,225,208,361,302,347,379,536,557,522,606,413,659,212,500,407,586,185,431,363
0.43409780288368505,10,0,389,371,420,392,332,338,334,430,467,381,561,359,443,194,331,371,367,341,373,249,374,377
0.3052995211970171,11,1,368,424,416,451,338,520,333,479,436,410,336,441,355,590,418,289,367,587,543,457,433,396
0.8439769583675855,10,0,454,388,509,386,626,426,438,338,502,365,451,250,462,378,465,441,254,67,498,503,464,337
0.8083179363248939,10,0,449,385,473,437,285,324,381,346,484,158,277,588,553,358,451,493,375,342,657,534,463,239
0.5503755189675934,10,0,409,370,512,276,374,379,386,375,415,399,400,406,479,339,476,307,201,333,510,216,519,446
0.6310947030420134,11,1,422,427,467,506,394,428,425,479,385,393,348,589,502,374,344,525,444,348,498,507,511,423
0.1176731874241227,10,1,354,472,295,367,416,442,302,434,479,311,464,580,346,501,273,440,161,340,424,506,468,417
0.49571737025231843,10,1,399,430,388,428,242,438,406,527,398,480,254,400,363,434,488,288,378,504,409,420,396,369
0.051595361050695177,11,0,348,319,266,261,215,301,212,218,470,373,381,435,344,290,373,282,281,218,482,393,377,354
0.07321742141218013,11,1,335,402,391,232,382,374,430,407,366,536,354,410,478,465,191,457,482,573,256,424,471,373
0.31850599323093376,10,0,370,375,291,334,117,294,292,521,403,340,366,405,556,107,411,360,349,394,392,232,306,504
0.029314856060025152,10,0,330,403,312,410,291,353,310,322,164,669,224,298,340,227,450,325,425,444,264,478,459,594
0.04205968562058504,11,0,347,318,443,342,372,314,386,366,401,269,429,390,298,345,364,351,288,450,333,622,335,425
0.24447899625747205,11,1,358,420,497,261,307,509,172,339,374,520,295,402,349,427,329,435,346,419,369,359,209,392
0.10073988145706325,11,0,353,326,425,302,284,162,271,502,479,433,441,224,421,410,431,88,305,324,342,289,424,370
0.269622816908367,10,0,362,378,190,495,399,426,368,500,446,452,300,322,268,386,440,386,425,337,530,389,580,344
0.0240871718138691,10,0,330,404,400,362,294,235,247,457,439,399,209,568,374,205,339,502,262,325,277,409,442,414
0.6940173569137557,11,0,427,354,412,407,472,427,492,310,452,371,573,425,448,314,383,328,59,463,482,389,311,140
0.9921354355847808,11,1,472,394,396,241,369,318,548,405,532,251,534,262,396,277,444,464,416,279,503,360,237,354
0.06799216816596443,11,0,349,321,285,217,376,326,463,425,400,600,383,330,255,254,422,373,426,139,488,247,414,597
0.6470461931703557,11,0,422,360,571,140,484,312,575,456,468,350,620,308,490,364,483,349,414,480,451,220,477,437
0.20932362657745307,11,0,363,341,192,540,158,149,484,385,389,426,437,397,250,224,419,362,197,408,418,332,430,376
0.19618182377253301,10,1,362,461,147,555,211,583,487,571,443,472,338,389,409,479,381,621,314,459,451,474,521,455
0.745488852796428,11,0,432,347,434,429,489,554,425,435,232,235,363,425,549,386,576,280,501,410,459,359,533,350
0.21580240679187823,11,0,364,342,264,308,316,236,342,464,425,369,322,491,444,410,412,375,459,451,327,285,343,271
0.1241394821362316,10,0,341,392,247,395,458,204,332,396,353,589,354,564,306,354,384,298,321,386,528,499,216,532
0.30883671208698615,11,0,373,354,315,460,503,466,437,356,493,204,441,195,444,297,462,404,466,374,296,276,477,422
0.5255702734171586,10,0,404,370,450,326,506,175,289,402,552,423,370,341,492,290,420,354,408,456,281,439,354,343
0.6618344223703874,10,0,427,374,288,311,297,316,668,313,425,150,517,226,210,275,286,376,508,386,483,312,370,429
0.2120769867837905,10,0,354,383,555,441,521,430,351,477,464,533,305,540,330,242,251,138,288,263,413,290,361,334
0.7853125893623008,11,0,436,341,376,401,429,354,541,265,491,489,387,316,243,197,449,222,518,448,412,287,464,381
0.9219391210527583,10,0,464,397,458,262,467,348,613,395,289,356,387,314,386,512,417,321,612,448,343,275,621,363
0.9526820220425095,11,0,453,318,457,223,365,501,502,320,670,296,587,371,448,172,670,199,423,243,429,364,425,279
0.6536468146347967,11,1,426,426,365,367,726,665,499,420,319,443,339,639,469,387,368,497,461,448,341,410,405,393
0.17232738990108198,10,1,360,464,297,416,325,464,262,261,491,358,166,495,258,412,351,517,423,449,402,409,468,414
0.6575855838535783,11,0,423,359,402,302,469,332,387,269,366,355,329,444,240,293,398,440,384,310,489,421,295,390
0.09129266966783289,11,0,352,324,282,325,456,382,508,429,327,287,319,279,311,331,442,481,137,292,420,349,517,291
0.14114813777842605,11,0,357,331,321,331,243,418,283,175,431,360,297,222,281,272,332,452,197,361,424,468,347,312
0.43281335012890665,11,0,389,368,531,417,327,246,413,511,493,335,387,272,385,343,323,509,418,273,359,285,447,357
0.24402733021743372,10,1,367,455,448,265,379,455,430,368,539,465,472,350,340,482,524,236,469,503,351,348,306,504
0.9324958635275262,10,0,466,398,547,565,398,561,576,417,331,342,564,251,493,246,425,457,559,376,600,358,519,428
0.7112589525454532,10,1,429,448,362,403,416,409,352,363,453,545,415,561,467,360,146,317,429,515,405,411,482,463
0.7030989756816852,10,0,434,377,388,294,542,425,375,260,436,454,461,559,375,436,522,531,535,277,420,539,521,434
0.36584054118887976,10,0,377,373,408,416,372,296,351,279,333,426,278,436,320,259,205,360,367,380,292,318,443,248
0.03256370108239004,10,1,346,484,159,380,398,576,192,436,425,555,456,525,254,460,247,706,402,594,398,570,299,403
0.38005133712324624,10,0,380,372,392,311,500,301,363,394,86,523,446,363,465,237,353,371,432,395,518,270,248,300
0.6476085345264134,10,1,422,440,374,331,482,411,631,339,372,307,553,661,527,521,310,372,474,372,360,647,563,526
0.2280147059217016,10,0,356,382,465,247,456,262,272,512,430,255,249,455,312,144,587,502,439,507,319,320,340,407
0.5047947833665544,10,1,401,430,280,378,323,526,557,394,567,521,354,523,445,348,466,407,460,452,485,432,400,452
0.2213036918288419,11,1,355,418,278,402,283,524,347,484,380,416,327,408,267,321,342,466,436,388,193,506,271,380
0.7647851498907557,11,1,443,419,444,266,381,206,405,473,388,381,420,299,557,493,636,352,248,565,529,380,380,544
0.004321133682107625,11,0,343,312,510,346,344,438,415,171,554,308,335,136,332,188,389,270,447,85,229,267,207,455
0.4479986215159215,11,0,391,369,390,285,517,323,331,318,522,462,437,341,591,507,360,486,461,485,250,351,335,462
0.6506910528720833,11,0,423,360,462,295,276,312,342,515,592,290,462,499,457,260,338,368,396,455,563,319,501,513
0.867954269802035,11,1,458,409,457,575,546,435,425,245,553,363,351,244,456,333,539,432,367,649,319,384,536,508
0.818295822873474,10,1,439,463,354,379,351,500,345,578,365,509,468,416,312,402,500,545,435,409,384,358,548,490
0.29442752375674075,10,1,372,448,478,308,341,448,348,314,386,431,285,379,601,185,528,371,518,572,571,350,383,381
0.6043521505787478,10,0,418,372,466,284,370,564,464,338,490,224,388,270,466,437,407,329,259,329,295,461,429,309
0.6640829514155401,11,0,424,358,337,311,470,409,343,235,392,265,392,330,459,286,412,330,504,346,424,221,472,345
0.16317456583431633,10,1,359,466,312,374,133,496,220,516,433,456,201,651,103,524,300,321,453,665,304,485,246,555
0.3343231980751633,10,0,372,374,218,550,466,285,446,526,23,255,187,345,352,464,364,215,485,466,343,453,372,383
0.8673211451158361,10,0,457,391,424,375,427,438,612,449,536,493,599,467,413,265,407,389,500,467,497,403,442,337
0.4833734246119994,11,1,397,430,266,650,520,513,343,307,329,415,481,273,392,592,443,614,417,470,377,524,163,446
0.8528970089398824,11,0,443,332,457,286,358,325,520,338,342,466,640,361,507,428,507,187,537,362,236,376,437,169
0.01620725588178995,10,1,344,486,232,530,225,365,162,770,458,574,389,309,379,447,335,466,331,468,411,623,504,656
0.9360391609834571,10,0,466,399,539,374,422,389,441,420,263,209,480,452,482,408,521,433,460,432,347,646,471,365
0.8684623988198147,10,1,444,470,398,405,370,690,336,537,398,330,567,586,434,425,547,470,423,545,306,559,690,549
0.9079506300451535,11,0,448,325,365,129,513,319,432,291,256,254,301,290,545,306,440,207,363,328,400,237,425,158
0.06054749757046951,10,0,334,399,444,359,271,428,105,476,388,363,289,447,337,364,561,256,339,350,261,324,385,360
0.03533583686357178,11,1,331,398,252,434,114,431,260,413,412,393,303,430,284,321,335,212,349,506,308,379,224,146
0.590043249610072,10,1,415,434,454,398,413,565,457,454,432,617,554,416,490,534,494,501,423,446,395,451,383,396
0.5085490813516389,10,1,401,430,414,526,311,496,364,587,299,446,322,412,389,550,283,537,425,377,273,459,312,292
0.1333721586467651,11,0,356,330,327,391,340,208,381,328,430,256,377,382,444,274,308,397,387,182,326,288,403,386
0.12814097762079435,10,1,355,471,377,572,395,477,354,322,234,188,311,438,201,474,316,238,384,445,486,370,296,460
0.740324859000873,10,1,432,452,332,521,291,524,187,646,294,400,594,559,572,589,361,433,519,618,389,506,444,473
0.9203455348510144,11,1,464,403,402,425,346,332,503,603,357,326,501,474,458,539,541,532,511,234,518,519,519,485
0.04830326645188043,11,1,332,399,344,644,332,474,345,460,423,396,255,562,337,457,401,272,382,306,369,344,380,398
0.6446170270184322,10,0,424,373,479,234,410,336,393,342,136,438,404,343,324,294,345,288,239,402,512,99,412,585
0.34463997099748067,10,1,377,441,261,534,363,575,339,588,407,568,405,486,601,441,308,462,424,389,248,389,430,553
0.4130312332560221,11,1,385,429,396,495,367,677,528,456,592,578,399,518,281,403,269,307,388,592,501,674,250,390
0.23861929112447944,10,0,357,381,246,473,319,404,160,349,477,408,441,620,315,444,563,416,95,212,287,304,346,376
0.33476562270951493,10,1,376,442,360,315,312,644,162,314,482,459,482,417,480,369,291,480,370,352,486,322,534,543
0.8626625351781139,11,0,444,331,635,267,370,423,464,359,363,227,292,373,522,262,416,267,567,249,349,363,480,118
0.7238930515231132,11,1,437,422,559,562,434,403,424,244,387,502,378,431,512,494,545,615,450,400,474,284,446,501
0.1645334369007696,10,1,359,466,253,378,258,573,486,461,359,566,241,368,284,378,328,326,297,563,164,586,207,635
0.16055176853389252,11,1,346,412,388,550,384,426,446,520,506,476,390,450,373,302,439,378,323,471,518,551,328,306
0.9612765779196472,10,1,454,483,335,443,373,269,425,511,379,623,303,606,516,465,189,531,511,218,286,436,405,445
0.435386978410098,10,1,389,432,165,543,423,300,319,556,512,590,484,487,294,421,321,321,399,468,445,473,580,286
0.7995302057379439,10,1,438,461,451,435,497,360,605,505,385,549,381,443,241,199,389,684,545,523,346,517,373,452
0.492162964308861,11,0,399,370,355,375,531,357,310,217,392,211,306,411,580,389,480,300,446,427,296,399,285,448
0.956138982825878,11,0,453,318,583,509,315,187,272,92,378,284,533,381,384,268,457,507,562,257,190,313,394,395
0.41387995669954314,10,1,386,433,418,494,363,429,253,512,551,592,411,518,517,415,142,378,467,521,312,476,385,568
0.7831798619542384,10,1,436,458,592,385,470,431,364,464,543,585,465,551,475,380,438,302,415,580,331,731,463,422
0.21036254328059567,11,1,353,417,443,336,199,425,221,440,284,492,410,489,347,337,258,414,355,515,306,291,419,260
0.3903897964267262,11,0,383,364,340,499,155,358,402,585,397,509,384,437,314,327,464,371,352,338,385,518,327,327
0.7926302867659941,10,0,447,383,608,573,364,285,451,271,397,396,288,434,625,431,349,345,390,455,612,554,625,283
0.9475117690335321,11,0,452,319,365,271,299,423,490,256,654,208,399,370,556,334,485,422,571,463,485,252,484,257
0.8758710598157387,11,0,445,329,571,322,287,352,414,444,515,381,431,641,304,290,477,350,509,160,460,290,477,515
0.32709888799454734,10,1,375,443,370,547,408,345,147,424,429,418,357,390,491,559,355,475,231,510,409,424,330,405
0.49106146569091325,10,0,398,370,493,301,433,346,307,365,519,374,467,499,115,320,379,533,273,251,310,655,513,464
0.9669676164455325,10,1,454,484,588,393,696,434,372,398,469,506,388,447,284,492,508,513,576,564,566,699,620,688
0.055778720225455714,10,1,348,480,506,438,436,538,427,431,318,487,411,495,257,571,322,430,560,474,275,474,283,400
0.6568628930814268,11,0,423,359,363,428,259,524,378,239,498,435,425,506,496,389,370,391,427,323,492,329,412,368
0.3129834195133283,11,1,369,424,666,382,305,526,503,429,313,486,233,462,403,325,521,372,202,345,443,551,279,345
0.4867570776800608,11,0,398,370,293,322,338,343,424,366,307,145,394,340,327,351,343,376,558,493,284,346,518,348
0.3047232027008885,10,0,368,376,290,388,231,393,439,333,467,454,656,267,432,479,128,420,372,358,274,428,290,416
0.8685528435672418,11,0,444,330,470,501,247,362,450,489,506,271,410,247,364,521,424,390,316,372,262,413,433,280
0.31522261769692717,11,0,374,355,235,174,418,370,384,301,464,406,450,327,207,263,257,484,327,344,469,307,389,298
0.8900547813756293,11,0,447,327,514,228,468,310,487,259,390,380,434,370,490,243,481,448,437,359,492,305,520,139
0.08122005457439219,10,0,336,397,343,420,347,367,275,448,279,557,344,285,192,528,326,407,296,338,261,299,266,352
0.8475254604435275,10,1,442,467,364,445,460,304,322,157,458,409,295,418,530,437,420,393,649,428,398,501,441,517
0.9974792433995495,10,1,457,488,416,386,407,380,472,431,430,685,601,550,604,564,488,402,428,395,394,498,419,387
0.2221227023902288,11,0,365,342,512,395,356,223,392,326,390,242,292,362,379,417,379,321,358,309,413,297,373,467
0.25887757571202885,11,1,360,421,379,463,214,445,407,337,359,508,245,288,348,379,429,365,292,537,466,417,256,478
0.9128972354688388,10,1,449,476,559,571,479,417,313,426,398,450,403,358,223,448,435,501,436,347,278,606,205,469
0.7326663156129266,10,0,438,379,405,359,486,268,277,416,428,462,490,351,411,296,485,342,441,463,491,272,407,429
0.15861219742583188,10,1,358,466,323,428,355,517,483,487,241,381,419,278,424,439,314,531,313,430,410,456,378,479
0.29385110881988297,10,0,366,377,303,275,399,423,285,308,435,282,460,248,284,372,435,431,406,396,310,216,207,473
0.8586154531294936,10,0,456,390,262,405,621,467,368,466,346,296,476,405,329,344,411,347,353,414,502,171,539,422
0.9261065974654565,10,1,450,478,558,725,399,617,480,513,484,463,340,641,359,484,508,361,255,363,499,577,314,553
0.1698037035895592,10,0,348,387,444,396,562,304,270,334,470,293,333,347,181,459,420,292,549,388,335,347,313,309
0.7213541833237894,10,0,436,378,290,330,233,286,302,499,490,485,499,361,528,442,456,366,421,421,335,368,395,380
0.9141187482255699,10,1,449,476,653,499,604,406,396,513,402,457,460,341,441,493,312,445,482,507,561,614,424,527
0.5476621376208746,11,1,408,430,366,560,505,288,312,427,450,417,309,515,258,502,348,200,485,218,374,335,653,511
0.9495958844200603,10,0,467,400,481,251,439,605,504,316,385,473,516,486,452,405,508,475,607,512,380,411,297,337
0.14291144744373463,11,1,344,410,199,361,293,386,282,443,412,479,413,470,459,268,338,280,294,527,407,261,256,152
0.9411963592354629,11,0,452,320,510,228,467,454,464,252,524,619,325,488,437,314,294,279,355,210,363,321,452,483
0.49972041697388603,10,1,400,430,281,521,413,421,233,671,442,400,248,551,564,571,462,499,287,374,250,404,398,240
0.42449043546314036,10,0,387,371,368,238,400,189,441,374,360,481,526,325,443,388,379,560,359,389,388,253,402,452
0.9923285760757212,11,0,457,313,613,402,451,470,398,364,455,273,497,142,456,352,517,516,442,317,332,340,393,307
0.15443935059264646,10,0,345,388,461,283,244,458,202,277,284,471,291,339,309,340,200,272,316,353,451,343,535,405
0.3085424985113894,10,0,368,376,457,391,428,471,338,324,396,310,453,350,194,304,272,366,356,331,287,468,190,446
0.29539752981196143,10,1,372,448,237,455,480,365,291,690,380,549,459,356,429,353,164,405,198,481,319,514,250,344
0.5118741729619676,11,1,402,430,543,367,375,361,460,559,241,606,462,358,412,304,309,534,434,359,438,177,434,422
0.5241349172888854,11,1,404,430,408,284,390,310,356,568,353,458,458,486,535,445,312,493,391,487,459,551,520,424
0.9125485225108129,11,0,449,324,414,388,433,384,424,263,590,346,603,248,383,389,635,473,384,221,407,263,383,387
0.6662531712533238,11,0,424,358,463,313,353,292,488,396,416,454,557,246,430,519,364,175,434,294,375,392,371,265
0.4416308861374031,11,1,390,429,314,543,509,330,422,282,558,513,600,351,314,543,274,493,416,560,446,206,410,609
0.9900753745874391,11,1,472,394,345,511,603,566,480,275,461,471,520,342,576,405,446,549,503,398,319,354,374,335
0.3669307659319633,11,1,378,427,377,341,158,386,293,405,322,637,307,551,371,390,185,446,530,445,349,251,388,371
0.42553901212827117,10,0,387,371,476,434,493,322,502,445,473,390,373,385,452,458,536,309,468,521,451,504,543,505
0.9503031891718888,11,1,468,399,346,515,596,555,354,383,523,586,663,436,341,523,516,453,460,366,181,371,635,272
0.1522751203320606,11,1,345,411,408,183,87,428,401,159,154,530,328,264,450,250,492,385,378,501,451,444,473,326
0.35051457923363305,10,0,375,374,403,532,493,429,284,270,364,465,256,487,400,213,463,345,350,434,190,390,364,575
0.6759607016967059,11,0,425,356,415,148,455,409,494,406,380,456,434,532,426,392,414,506,371,421,365,338,242,264
0.5096683815307192,10,1,402,430,321,492,342,444,482,440,449,405,359,322,384,224,347,387,512,432,307,628,195,245
0.6253422849122117,10,0,421,373,460,397,521,210,326,418,444,440,446,262,314,406,217,368,285,356,285,127,428,430
0.7826912661772693,11,1,446,418,512,349,468,184,526,473,411,500,439,434,499,378,325,476,494,393,430,418,425,374
0.7823983058753194,11,1,446,418,393,485,610,417,512,449,407,364,418,461,559,242,479,364,534,452,569,410,434,485
0.3113044972414004,10,0,369,376,108,590,260,391,368,304,371,285,512,423,454,575,330,253,390,247,291,390,458,303
0.9416781421057224,10,1,452,480,535,309,430,508,547,482,459,402,397,503,499,581,378,417,397,496,668,636,477,509
0.66943640478731,10,1,425,443,406,471,312,482,151,427,406,413,511,455,467,487,427,442,392,633,251,532,494,442
0.7219354155000296,11,0,430,350,364,469,246,449,433,404,284,155,489,365,582,360,474,125,465,324,458,202,342,352
0.48432817496800395,10,0,397,370,394,228,278,475,389,559,452,515,486,335,544,364,552,366,539,474,336,382,468,550
0.6406677176914892,11,0,421,361,504,383,412,411,216,394,422,413,500,522,385,287,433,306,446,303,469,189,266,431
0.5734645342218371,11,1,412,429,399,368,387,345,582,486,452,334,338,421,359,254,507,450,489,358,439,390,646,352
0.45449314492547144,10,0,392,370,554,212,275,232,339,433,478,521,334,205,519,305,453,430,639,381,592,551,336,378
0.1651473855651393,11,0,359,335,631,440,341,360,402,242,407,201,272,424,355,344,310,292,368,440,572,447,192,277
0.608248104502625,10,0,418,372,453,199,266,306,336,373,436,380,504,400,444,313,471,278,450,184,455,211,426,308
0.7645911759868276,11,1,443,419,570,466,555,499,351,295,328,235,347,651,567,450,270,261,319,498,553,359,266,317
0.7240699336506629,11,1,437,422,288,595,521,391,662,182,317,353,449,481,353,270,352,375,501,219,299,344,411,433
0.4460224689771183,10,0,391,370,426,364,395,405,426,408,375,354,294,382,541,421,442,504,413,377,409,234,316,429
0.18249933504334048,10,0,349,386,317,466,319,407,302,414,375,437,282,444,451,447,198,335,341,475,302,445,450,217
0.6372665752496978,11,0,421,361,404,453,464,305,397,285,484,356,616,551,322,361,465,486,634,423,505,349,363,491
0.6376936344847772,10,1,421,439,392,547,414,290,533,374,435,348,473,391,567,406,637,578,305,601,468,449,399,414
0.9737685941899193,10,1,455,485,376,397,439,590,600,434,485,388,640,519,391,623,363,422,349,514,297,464,501,330
0.16006604847935313,10,0,346,388,398,341,414,480,344,418,272,364,409,382,374,427,451,351,367,396,366,451,316,455
0.6237949143783414,11,0,419,363,239,329,355,71,276,232,344,272,454,289,383,404,474,244,375,344,306,464,355,300
0.6915369211209351,10,0,432,376,460,520,351,248,537,270,507,515,366,606,305,326,326,421,287,388,467,454,387,400
0.4361430511472266,11,1,389,429,439,724,429,590,192,306,538,408,435,538,315,535,335,405,407,236,500,514,413,338
0.3069795844695643,10,0,368,376,332,370,524,455,273,292,432,295,293,367,288,286,360,359,232,505,344,605,299,191
0.9522639065366406,11,1,468,399,334,533,258,301,488,457,517,333,372,390,346,326,646,337,528,424,444,291,492,414
0.7527147520606206,10,0,441,380,356,439,557,432,571,504,436,457,441,397,365,421,440,587,391,325,635,399,453,324
0.5438195388095393,11,0,407,369,408,486,473,571,427,385,447,447,646,539,543,439,371,376,452,394,548,401,506,382
0.9396829855396961,10,1,451,480,382,469,727,539,537,548,402,363,329,302,557,455,478,565,423,473,309,413,419,514
0.4612472751204879,10,0,393,370,345,378,386,257,346,449,407,408,583,233,265,462,384,283,465,208,291,481,373,385
0.5281695866432347,10,1,405,430,457,239,391,492,387,484,565,485,350,453,469,328,306,453,485,431,322,397,536,634
0.3424375672063231,11,0,377,359,434,411,318,334,198,391,352,254,391,497,244,322,350,332,621,416,389,336,279,474
0.10422324240048131,10,0,339,394,405,542,376,384,302,323,350,381,372,284,405,552,314,318,427,500,354,257,355,376
0.20672357204249336,10,1,363,460,312,580,598,543,392,268,357,523,368,445,378,484,354,427,444,422,425,486,369,513
0.5547835221332424,10,0,409,370,306,491,524,573,410,386,549,230,546,399,547,304,323,450,390,475,415,604,480,516
0.2591085225045888,10,1,368,453,321,502,345,393,326,623,228,416,288,433,461,446,473,562,443,464,476,527,533,480
0.0524321242041802,11,1,333,400,282,392,499,518,283,103,333,187,276,545,363,478,346,484,201,260,122,339,226,546
0.08021876659477811,10,0,336,397,571,373,199,409,303,512,450,445,416,434,401,461,437,446,210,377,367,289,320,525
0.17802112415341564,10,1,360,464,333,355,380,389,561,535,336,383,318,533,514,544,219,409,400,304,460,578,392,315
0.6556964708754255,10,0,426,374,373,389,346,376,461,427,385,430,455,251,293,325,501,281,273,529,545,367,403,423
0.7585377264246204,10,1,433,455,554,213,372,647,366,411,678,590,387,488,674,527,392,454,434,414,461,493,383,515
0.08715953085480599,11,1,337,404,406,480,341,441,498,378,272,105,192,317,315,399,289,457,598,560,395,556,482,492
0.1310829584367993,11,1,342,409,411,320,281,421,419,483,304,412,379,454,226,262,321,601,230,382,253,325,393,429
0.9699737394148831,11,1,470,397,579,447,474,274,348,280,529,511,401,468,323,403,348,444,451,363,479,325,452,497
0.05614468461787736,11,0,348,320,321,480,420,307,210,504,230,312,295,303,382,459,481,380,75,117,369,349,414,278
0.98975398167943,11,1,472,394,469,355,438,546,550,191,405,305,607,494,468,369,346,355,503,328,452,129,602,376
0.2716367440093813,10,0,362,378,324,402,380,326,378,469,248,452,465,286,332,408,336,321,271,379,431,441,516,581
0.6651442346983361,11,0,424,358,401,355,561,422,416,313,341,470,625,405,468,404,337,373,426,305,384,452,283,332
0.5025584860079932,11,0,400,370,401,457,418,355,430,314,393,436,310,398,411,315,356,618,386,439,465,400,383,355
0.6812006731237895,10,1,426,444,251,461,518,733,536,483,439,329,569,437,525,355,379,502,607,456,420,481,742,468
0.5804567533408161,10,1,413,433,471,463,223,491,416,465,318,460,324,292,378,378,500,524,457,485,429,435,502,445
0.8433384016560086,10,1,442,467,592,563,471,556,453,521,485,454,419,437,329,403,375,372,496,515,321,451,358,391
0.7329665855764438,11,0,431,349,422,380,310,412,418,447,367,379,480,477,502,498,398,332,565,284,394,319,534,281
0.7435402665620644,11,1,440,421,478,534,460,338,442,337,450,374,466,353,359,623,612,433,372,358,479,189,711,327
0.6763618254537419,10,0,429,375,364,420,609,258,453,440,279,403,471,500,506,373,509,426,314,287,463,314,344,478
0.35287434786617866,11,1,375,427,307,374,276,449,305,418,348,357,296,445,592,569,304,397,276,295,118,339,483,447
0.21948318736645078,10,0,355,382,218,522,355,307,326,309,366,225,574,415,321,238,456,328,363,436,562,493,498,519
0.806968709738298,11,0,438,338,345,509,373,203,255,344,435,350,458,449,463,287,269,456,306,291,236,405,628,288
0.8215410902360237,11,0,440,336,335,314,430,207,555,517,499,273,310,282,513,304,482,227,586,351,375,395,539,473
0.9693260487470506,10,0,470,403,451,314,296,390,490,434,619,332,704,387,496,440,413,192,540,305,338,403,435,433
0.7719027187604689,11,0,435,343,364,355,573,344,252,424,360,223,454,337,423,452,507,445,569,37,548,340,264,360
0.6132677216859357,10,1,418,436,377,533,449,283,349,483,418,495,481,386,442,535,353,462,342,399,527,553,426,447
0.5739040866216951,10,0,412,371,289,255,353,415,384,321,487,338,467,388,507,431,428,338,418,435,477,485,586,235
0.5462505712937586,11,0,408,369,324,277,335,179,273,268,368,363,315,374,431,410,357,490,530,249,549,266,446,379
0.4025348167684767,10,1,384,434,272,296,340,435,353,323,519,381,353,310,215,271,514,468,187,458,339,515,321,347
0.34628817394916767,10,1,377,441,380,535,527,390,570,510,442,498,408,410,369,426,364,418,518,713,521,311,115,454
0.8654070730432549,10,1,444,470,446,560,562,449,741,325,371,543,294,539,422,507,358,357,461,386,394,487,415,460
0.8153379017433509,10,0,450,385,361,495,199,432,430,520,478,568,338,554,419,259,459,293,447,299,501,414,595,326
0.4914293130030112,11,0,399,370,392,340,277,279,389,529,346,313,448,238,423,440,323,430,395,361,317,336,226,320
0.8656556493121417,10,0,457,391,390,520,383,434,525,335,542,528,442,206,575,449,508,286,491,429,358,524,534,640
0.21364494659233435,11,0,364,341,209,305,125,324,277,231,374,237,470,429,363,370,373,354,481,353,510,185,490,303
0.6036445006827621,10,0,417,372,294,215,340,197,251,373,381,217,420,355,591,375,417,503,562,276,437,387,415,442
0.5687818121454723,10,0,412,371,297,422,392,480,330,317,505,247,485,238,366,500,322,307,402,221,432,219,366,288
0.04040783696128447,11,1,331,398,237,299,356,194,260,192,247,446,338,349,327,514,408,137,224,441,298,337,367,328
0.6802066593394923,11,1,430,425,535,605,368,473,386,239,503,296,316,531,216,443,299,623,343,381,424,615,435,323
0.6082351663395457,10,0,418,372,531,441,423,334,481,399,439,383,463,472,404,337,205,139,725,407,503,144,455,286
0.8092423204823936,11,1,450,415,383,379,488,496,554,472,459,387,485,661,527,374,394,431,388,474,457,356,422,455
0.012924736119415026,11,1,328,395,162,274,420,556,275,423,302,574,338,348,306,228,420,622,567,374,280,451,350,572
0.43459549291270894,10,0,389,371,376,295,519,304,397,415,394,502,447,559,316,465,413,249,346,355,266,282,396,349
0.6380021482644211,10,1,421,439,397,380,529,358,471,454,557,480,369,383,110,441,540,472,514,523,388,475,522,273
0.08433791522093814,10,1,351,477,342,554,268,411,216,445,376,256,129,512,212,540,429,569,245,378,338,294,310,470
0.8997035314609468,10,0,462,394,425,331,533,419,621,463,457,296,322,267,502,390,436,370,415,492,290,345,351,232
0.6440909055501751,11,0,422,361,317,436,375,383,674,367,502,349,443,460,450,322,438,406,485,336,474,281,368,165
0.3564003450471306,10,1,378,439,382,328,697,493,458,369,244,579,420,440,370,598,343,316,403,538,463,350,296,549
0.8604802346524131,10,0,457,390,524,354,456,312,425,350,341,457,427,490,551,467,270,210,413,513,504,396,376,395
0.1161955886985867,11,1,340,407,402,460,296,224,189,474,235,511,231,527,322,403,263,404,276,385,480,412,246,429
0.7923329440105682,10,0,447,383,531,379,390,411,595,401,288,518,547,486,545,270,500,362,505,623,248,413,502,316
0.5594074975915019,10,1,410,432,397,537,423,453,207,483,356,558,430,412,352,375,254,182,416,620,421,434,416,395
0.5210407797901407,11,1,404,430,374,447,423,409,367,326,388,465,287,378,424,592,687,367,311,410,408,371,385,475
0.5802373660738667,11,0,413,367,410,310,393,349,685,315,332,393,264,314,367,221,411,315,328,372,399,298,447,231
0.17784563012241117,11,0,360,336,416,344,459,116,445,256,243,431,322,213,446,387,290,230,366,248,361,159,581,365
0.8624808106762787,10,1,444,469,348,410,560,603,513,193,497,480,332,695,504,397,510,672,486,508,295,555,333,467
0.18055713541953666,10,0,349,386,232,363,337,391,495,281,448,523,242,574,176,365,154,309,528,424,443,532,347,542
0.4942815585162763,10,0,399,370,560,396,326,289,411,217,278,233,655,423,493,279,487,459,438,312,318,352,247,425
0.8502560952493526,11,0,443,332,428,348,298,121,253,420,376,217,493,201,399,167,425,469,411,332,634,397,289,236
0.4032695283895198,10,1,384,434,566,396,460,506,311,464,439,410,333,315,501,434,542,455,373,340,452,471,291,596
0.6823372829381051,10,0,430,375,571,397,276,353,360,312,503,266,564,305,341,480,437,254,556,371,433,156,589,262
0.7649425635666502,11,0,434,344,543,506,511,286,329,355,200,297,324,410,371,307,471,402,476,452,453,398,400,468
0.5675158400714213,10,1,411,432,402,465,312,411,366,424,497,387,513,575,241,556,335,610,467,512,550,672,399,297
0.42872410732825783,11,1,388,429,542,409,347,292,479,393,381,533,431,507,273,481,492,395,350,594,347,372,216,233
0.8479429449567085,11,0,442,333,445,231,409,439,397,382,391,535,530,511,468,264,439,418,431,375,393,353,621,422
0.38321154746881647,10,0,380,372,355,471,334,179,436,318,531,294,489,363,480,383,462,566,434,252,391,409,448,401
0.725432922732006,10,1,430,450,448,376,516,408,424,352,349,559,340,619,286,615,382,761,383,369,537,532,460,254
0.8138801346179801,10,0,450,385,345,300,284,426,438,336,439,402,379,421,306,327,400,468,452,411,579,274,454,136
0.4824201113804073,11,0,397,370,430,570,373,471,394,325,493,296,372,179,396,393,394,467,296,443,499,321,283,467
0.08023942282346952,10,0,336,397,250,382,377,329,233,598,280,457,366,457,474,332,257,372,355,496,355,193,333,461
0.5543578219028467,11,1,409,430,178,305,355,365,358,422,242,523,451,404,332,333,330,480,386,317,313,546,268,334
0.2914939458864422,10,0,366,377,458,518,288,364,378,261,262,524,487,441,354,367,357,519,481,369,363,322,384,153
0.06320187597526628,11,0,349,321,340,376,208,496,442,382,326,282,393,529,295,252,373,396,131,440,210,557,573,285
0.4767809868703391,11,1,396,430,310,302,507,341,517,389,329,505,306,506,377,298,339,356,301,462,523,363,442,451
0.6508061684024791,11,0,423,360,484,470,388,361,523,399,433,459,289,207,522,317,254,427,298,335,471,344,365,413
0.5817909346053075,10,1,413,433,448,410,205,325,509,201,364,467,573,565,465,374,398,467,445,416,383,481,543,445
0.525562010923601,10,0,404,370,509,510,469,413,601,337,389,214,400,348,533,510,299,495,404,431,635,301,418,374
0.7733100779067628,10,0,444,382,565,376,391,233,441,311,362,264,386,363,517,314,471,485,341,585,605,323,369,336
0.6274697072243235,11,0,420,363,361,307,516,225,301,286,638,328,434,271,356,417,354,365,312,288,585,289,241,473
0.24755417819500014,10,1,367,454,256,261,422,480,501,636,410,300,384,540,339,336,353,408,481,384,229,400,464,514
0.8677728440925845,10,0,458,391,498,455,606,264,424,446,487,550,292,432,386,347,331,250,398,332,426,294,475,352
0.23507266969266316,11,1,357,419,300,182,472,117,426,380,227,553,553,358,316,357,317,578,79,406,298,469,383,472
0.001528651605815723,10,1,343,488,311,440,557,475,334,370,221,364,351,397,368,520,404,606,328,291,410,563,549,516
0.7523385082190617,10,1,433,454,454,490,451,508,443,517,439,629,439,470,420,496,374,411,521,449,334,439,325,377
0.6904859368184947,10,1,427,446,318,547,333,360,330,468,421,468,420,674,470,539,328,498,467,437,593,506,551,302
0.7796211721198928,10,1,436,458,324,342,380,450,392,509,440,513,516,583,538,643,472,379,352,466,586,521,477,369
0.4594298277651967,10,1,393,431,434,326,327,385,382,421,412,588,474,394,268,272,267,754,338,520,485,432,232,308
0.01238321868212311,10,1,344,486,394,273,233,448,329,476,370,429,351,309,481,565,268,409,507,511,536,486,318,366
0.32752148531961467,11,0,375,357,430,307,384,499,434,392,515,374,495,350,329,386,373,493,619,364,403,302,564,344
0.2964677494532364,11,1,366,423,666,296,374,467,469,424,343,615,379,494,370,433,389,497,237,633,192,594,286,414
0.338768675978092,11,0,376,358,386,431,405,335,381,388,519,436,500,412,459,388,409,425,377,250,300,283,327,351
0.6877050077226496,10,0,431,376,429,427,309,354,415,221,422,428,408,356,488,420,341,324,499,407,333,428,294,239
0.597214711379806,11,0,416,366,405,218,407,253,547,481,411,316,530,409,434,245,360,223,517,483,498,267,509,432
0.43933257076362797,11,1,390,429,116,585,316,397,49,312,601,588,382,558,335,449,268,500,517,519,476,563,271,352
0.9309209171173415,11,0,451,321,437,438,365,364,378,522,546,327,284,286,766,284,379,331,520,300,519,387,428,325
0.2694619357316391,11,1,362,422,507,383,323,562,270,514,97,423,562,373,316,360,274,569,414,298,356,590,338,411
0.03936225058343512,11,0,346,317,545,356,410,384,349,451,137,402,283,360,272,426,500,414,423,461,192,481,376,374
0.8107940839510039,11,0,439,338,712,444,421,288,479,195,379,415,324,261,419,282,358,215,402,238,305,300,371,297
0.3250638778780507,10,0,371,375,594,508,286,387,199,388,371,435,597,456,497,402,376,280,339,271,292,439,433,413
0.6308735912861009,10,0,422,373,557,320,527,217,547,587,482,227,370,482,375,497,495,307,344,615,526,443,380,312
0.37770045758733317,10,1,381,437,279,379,398,379,440,568,482,458,236,441,350,478,454,498,358,340,223,431,478,466
0.10468882232270249,11,0,353,326,336,356,561,166,284,339,247,178,460,257,342,270,451,178,295,319,444,299,287,274
0.46903855544271933,10,0,395,370,581,522,276,223,425,329,316,429,503,260,302,295,518,303,346,284,318,432,270,374
0.9994006922797483,11,0,457,312,632,266,343,353,485,374,435,332,367,355,429,355,464,305,445,464,574,472,519,309
0.9055391471971498,10,1,448,475,239,513,646,562,507,535,524,566,479,425,338,523,501,582,364,703,420,474,476,438
0.6809596141410035,11,0,426,356,351,243,203,260,303,369,493,388,456,409,322,231,443,467,524,335,389,469,379,465
0.378262215606717,10,1,381,437,358,373,158,490,405,544,486,438,258,635,299,594,413,464,341,376,448,217,340,456
0.9062002058355889,10,1,448,475,382,576,315,433,512,329,449,367,393,465,432,530,578,366,547,418,465,726,244,539
0.9605705233443198,11,1,469,398,723,338,482,516,514,371,443,510,240,466,502,408,309,453,426,389,271,478,355,281
0.1764591732551093,11,0,360,336,344,334,194,277,339,349,256,279,300,495,217,360,527,357,437,399,494,342,502,280
0.3689833212516883,10,1,380,438,543,719,346,484,377,462,179,438,491,606,334,444,405,494,388,376,253,509,397,403
0.49873718134677936,11,1,400,430,377,509,353,478,378,439,399,266,422,617,386,299,449,633,561,252,341,331,396,419
0.7993550672123219,11,0,438,339,381,358,504,260,439,232,430,120,677,351,329,436,478,384,467,303,495,319,493,261
0.7931042302887699,10,0,447,383,499,319,498,492,599,403,490,405,495,438,446,406,451,413,474,339,562,422,451,437
0.6569598587353478,10,1,423,441,415,312,246,460,529,464,381,238,472,364,333,380,614,350,358,473,423,562,497,284
0.9911260703791657,10,0,472,406,429,455,441,436,497,280,432,238,230,357,408,407,327,309,317,486,290,504,433,468
0.8001118844486146,11,0,438,339,439,447,554,307,380,457,489,174,487,159,718,226,498,341,379,387,566,451,563,466
0.6217021304290365,10,0,420,372,343,297,421,362,299,408,517,433,473,518,359,329,421,250,418,399,546,260,507,359
0.5925159467640059,10,0,416,371,433,478,502,294,456,512,239,206,425,417,278,333,254,577,627,446,495,199,441,244
0.44885275547460535,11,1,391,430,508,405,498,482,382,545,384,607,274,310,240,348,445,433,596,464,341,538,355,341
0.9762884071407005,10,1,455,485,463,352,556,341,510,480,139,616,423,511,542,532,498,505,406,596,400,347,566,421
0.4106541280715946,10,1,385,434,218,516,205,388,383,402,506,495,540,485,556,428,512,442,239,417,444,320,316,607
0.3926485924669274,11,0,383,365,422,291,278,451,363,387,352,501,272,388,207,266,532,573,333,569,621,304,339,368
0.8392388818267493,10,1,441,466,451,316,411,529,444,524,545,419,475,374,470,505,324,463,382,536,351,523,538,558
0.9236762320906721,11,0,450,322,228,349,403,367,543,267,523,285,442,348,448,313,603,521,408,358,553,182,397,172
0.10828009910841785,11,1,339,407,350,445,349,448,396,410,233,433,265,470,211,348,282,415,267,347,462,244,215,329
0.9401824280546432,11,0,452,320,525,380,510,297,566,376,522,406,389,403,440,244,453,505,373,313,444,231,431,421
0.9819466939006428,11,1,471,395,442,446,580,243,560,415,664,416,531,350,384,222,314,547,327,411,579,370,384,384
0.28461206895077107,11,1,364,423,222,289,440,479,241,429,327,480,286,367,326,478,379,470,259,282,250,436,227,461
0.21157426639078059,11,1,353,417,448,295,532,249,446,547,338,312,506,587,452,396,253,544,333,517,358,465,412,289
0.5023255833776162,11,1,400,430,271,261,470,368,308,612,342,417,396,441,174,327,452,415,336,222,435,425,313,318
0.0842239450507789,11,1,336,404,196,319,397,429,401,466,371,372,432,353,437,379,414,479,262,330,253,283,341,466
0.9947720926619253,11,1,472,394,458,476,459,289,453,432,657,401,313,354,350,440,536,294,480,503,518,400,577,311
0.7820732573482067,11,0,436,342,456,350,363,302,380,239,399,168,299,468,528,422,409,321,319,340,629,198,469,353
0.6175816858496879,10,1,419,436,444,475,289,494,316,273,303,293,592,392,406,531,436,504,426,380,364,474,351,467
0.4659620280757524,11,1,394,430,458,408,464,516,347,353,397,425,485,532,355,558,364,324,539,424,406,401,391,473
0.12947230319800607,11,0,355,330,359,289,340,362,356,315,360,358,556,245,251,274,507,400,382,181,315,286,448,201
0.8971383708361578,10,0,461,394,494,425,351,486,531,433,451,416,415,307,561,475,505,423,426,366,501,381,352,347
0.754110051276823,10,1,433,454,547,472,410,473,355,476,288,590,491,639,501,419,312,450,469,583,380,450,473,545
0.5624446217300623,11,1,411,429,421,330,244,547,470,423,602,471,372,383,287,524,463,489,409,229,350,414,334,510
0.4885762545925634,10,1,398,430,304,392,438,494,329,345,472,503,397,303,217,476,463,249,264,473,352,545,436,529
0.2003149527710515,11,1,352,416,318,336,318,360,248,371,393,460,415,532,380,508,517,378,322,176,506,371,561,366
0.751765372870504,11,1,441,420,491,362,683,484,361,258,267,541,453,564,458,525,417,326,286,326,357,464,636,548
0.9267591738493351,11,1,465,402,577,519,493,284,397,404,472,503,228,360,395,405,250,228,556,444,352,472,475,262
0.915008476525229,11,1,463,404,438,526,608,524,611,470,350,335,366,391,490,373,537,371,411,431,575,439,426,291
0.17636206758805661,10,0,348,386,239,205,252,340,241,424,337,425,388,388,426,417,381,294,307,366,491,288,257,279
0.8943000862311218,10,0,461,394,450,528,373,307,594,402,501,381,382,597,349,416,436,188,425,419,435,528,487,385
0.327602405777621,10,0,371,375,430,379,315,498,337,400,318,215,288,321,466,414,355,148,338,269,412,516,358,386
0.600877814898824,11,0,416,365,319,446,481,391,371,451,299,300,384,327,480,309,442,468,499,552,294,424,224,407
0.25675716337157495,11,0,368,347,379,298,355,327,362,491,359,325,359,364,294,453,221,285,470,296,502,356,398,476
0.0736319034329791,10,1,350,478,443,528,315,624,571,302,183,497,279,448,240,296,252,597,250,545,205,529,348,443
0.14386257621521337,10,0,344,390,217,344,273,245,215,517,248,246,327,287,398,411,277,387,252,526,380,395,345,376
0.44002899957413666,11,1,390,429,421,555,359,449,327,371,447,373,583,414,303,512,282,374,312,438,224,522,412,421
0.8592626032683144,11,0,443,331,331,249,236,289,490,347,393,453,565,259,582,187,600,251,329,269,488,323,598,259
0.8216153350581418,11,0,440,336,264,358,246,369,421,404,523,216,380,312,381,452,410,354,507,217,409,412,383,308
0.790945128108744,11,1,447,417,371,368,558,364,400,247,383,519,299,452,422,681,254,418,482,396,545,465,574,414
0.5596320820429072,10,0,410,371,462,372,410,320,319,496,469,178,321,126,364,368,458,465,377,452,568,256,522,286
0.7491639713716562,10,1,432,454,449,453,456,552,435,325,443,508,256,434,290,441,552,522,437,537,390,342,400,362
0.06954438036658606,10,0,335,398,423,347,462,441,503,400,310,335,243,476,312,567,413,305,365,528,416,512,396,446
0.45118204355341296,10,1,392,431,459,317,353,545,415,252,276,482,511,646,364,477,465,296,173,569,343,311,440,371
0.3586368904373717,10,1,378,439,493,492,370,489,371,488,241,465,308,305,467,454,235,366,428,575,434,444,344,469
0.7929372858323749,11,0,437,340,557,348,443,429,331,422,244,422,443,392,495,356,292,121,352,367,598,477,463,378
0.8704301859103828,10,1,445,470,502,320,265,454,476,477,461,422,556,435,490,372,432,578,386,358,510,527,385,547
0.20729515242344887,10,0,353,383,213,316,310,224,273,283,243,344,314,297,387,405,350,369,285,156,171,394,568,242
0.3647214615923057,10,0,377,373,158,322,351,305,381,323,365,489,530,251,353,387,380,478,445,298,558,392,220,421
0.14227161180678782,10,1,357,469,158,401,174,357,443,415,357,510,198,434,449,512,124,631,465,507,355,471,542,589
0.29345787918706245,10,1,372,448,428,351,394,218,232,651,368,436,375,470,295,591,379,452,391,404,504,477,369,414
0.5876089295718747,11,1,415,429,506,375,450,534,394,388,578,572,266,381,436,698,554,496,505,472,499,303,467,452
0.16251972528239,11,1,347,412,482,414,341,498,384,350,335,335,426,492,341,427,289,389,328,530,567,457,230,358
0.0029454689143756374,11,1,327,393,121,406,326,473,199,318,171,516,349,135,308,351,303,357,403,477,228,332,149,389
0.5847630757504254,11,0,414,367,469,354,333,362,266,490,391,332,308,395,475,284,582,395,509,505,479,187,372,391
0.6357082816932733,10,0,423,373,295,285,375,452,471,451,543,474,424,438,346,398,378,401,403,430,567,471,413,288
0.688595461246938,11,1,431,424,428,522,426,474,462,386,293,539,398,228,585,617,624,414,483,417,288,351,286,335
0.810676690627614,10,1,439,462,419,324,465,570,363,621,456,351,456,477,193,446,409,421,359,523,429,399,246,465
0.5167195076122191,11,0,403,370,436,422,478,356,523,425,225,477,305,363,574,327,384,438,341,600,268,407,390,481
0.2873087751183325,11,1,365,423,389,391,427,506,451,405,194,427,211,535,406,269,424,504,295,323,568,277,281,441
0.5474309564845002,11,0,408,369,417,453,436,252,524,538,446,242,441,527,436,248,262,282,474,283,531,439,457,227
0.04898026481334283,10,0,332,401,272,520,279,458,241,393,445,333,372,377,316,283,521,348,166,317,358,518,302,359
0.48231178120551055,11,1,397,430,460,591,459,466,370,371,569,311,383,258,522,385,334,491,584,254,430,333,448,332
0.4740804486943704,10,0,396,370,386,428,295,439,362,308,222,361,588,404,478,323,427,280,502,372,514,409,535,359
0.740281891016498,11,1,439,421,395,419,204,470,353,407,418,495,395,435,481,399,786,590,427,375,356,468,487,445
0.6749108526951914,10,1,425,443,538,479,367,624,343,467,370,525,341,303,527,601,416,345,504,485,495,538,596,395
0.05343405736314388,11,1,333,400,238,581,310,317,118,312,435,444,319,324,302,465,401,473,303,559,419,333,176,560
0.3957833847763189,10,1,383,435,348,600,137,478,393,422,362,389,408,409,397,334,345,487,303,635,270,426,443,429
0.23215942968935444,10,0,356,381,552,233,372,311,406,401,528,382,254,322,290,504,466,241,269,331,243,433,513,397
0.5518931390612296,10,0,409,370,523,271,410,364,410,369,425,391,398,360,415,370,271,315,396,266,380,389,473,316
0.03621208777070506,10,1,346,483,282,545,330,438,246,607,148,331,308,579,223,464,357,697,395,611,244,638,431,668
0.8971186121405045,11,1,461,406,499,439,461,359,403,306,370,544,412,461,445,586,395,550,460,354,656,544,319,571
0.11802724861571912,10,1,354,472,319,456,361,491,488,419,430,628,544,425,485,435,357,556,459,389,281,566,332,289
0.6268738027300758,10,0,421,373,409,492,356,390,531,334,556,370,365,530,622,422,340,245,440,372,349,360,390,472
0.9733828207969814,11,0,455,316,372,383,327,298,567,330,377,325,264,241,533,201,466,195,375,278,481,447,460,407
0.27055363696120327,10,1,369,451,264,330,477,478,407,397,518,630,423,419,376,365,492,599,227,621,403,261,480,556
0.43308582480358315,11,1,389,429,544,436,522,567,285,514,552,430,441,305,615,350,367,424,482,505,443,484,435,746
0.2262862532330001,11,1,356,418,195,537,454,317,276,402,317,392,397,470,391,554,98,264,413,559,361,58,270,272
0.14078375398972232,10,1,357,469,427,483,599,497,254,356,384,337,359,509,453,478,289,363,370,539,429,546,200,406
0.4585618957546045,10,0,393,370,374,274,259,335,298,158,234,273,457,416,483,424,283,233,342,399,313,285,416,293
0.36720445043137984,10,0,378,373,556,208,371,371,554,307,312,487,386,510,321,275,328,178,254,593,355,349,438,315
0.8466136183301584,11,1,455,411,467,350,547,341,533,311,463,326,636,241,488,239,499,401,564,481,510,413,580,513
0.15068070495439234,10,1,358,467,254,638,366,607,411,356,370,588,319,596,363,385,291,414,566,437,312,419,432,456
0.8261588381529743,10,1,440,464,597,481,625,480,391,645,505,490,480,354,308,350,547,393,396,463,527,293,456,557
0.2235506722895375,11,1,355,418,506,430,242,345,324,534,236,418,356,534,330,565,356,376,270,320,381,496,310,371
0.4786281894043537,10,0,396,370,439,314,320,259,365,481,567,415,442,283,520,314,352,313,232,534,393,458,206,383
0.9800625304684236,10,0,471,404,718,357,515,299,389,410,326,388,247,555,409,508,625,345,562,599,436,420,533,459
0.9104154272178567,11,1,463,404,555,455,413,411,492,273,427,328,484,482,391,459,502,223,531,410,500,349,416,349
0.2487762305732809,11,0,367,346,446,255,143,393,409,296,427,476,319,311,278,648,168,466,379,284,384,206,415,236
0.9293342290635177,10,0,465,398,395,433,468,566,332,563,450,408,395,375,540,490,525,378,494,418,525,390,429,193
0.3701478404325578,10,0,378,373,282,486,429,317,327,304,435,294,454,434,414,544,306,358,506,386,361,372,267,550
0.579095320674094,11,1,413,429,611,396,466,470,291,430,179,417,224,533,230,276,468,373,498,392,359,483,389,632
0.8068637417980487,11,0,438,338,429,393,509,354,396,113,355,262,390,388,266,280,528,304,481,444,381,370,452,363
0.08900619887667205,11,1,337,404,309,498,327,225,385,430,328,265,330,247,384,313,259,517,330,487,399,569,290,428
0.726253221067673,11,1,437,422,498,350,380,316,502,564,523,518,463,472,373,493,430,369,581,368,376,254,509,157
0.8225747965531506,10,0,451,386,321,409,626,432,474,478,295,295,504,495,463,234,532,329,432,254,479,263,499,301
0.8696119876760231,10,1,445,470,387,458,487,629,329,519,414,467,467,378,237,519,452,503,499,352,507,193,177,427
0.5973679970268301,10,1,416,434,409,518,516,556,515,315,434,402,453,459,374,512,384,584,519,325,202,478,247,353
0.8921777971765281,10,1,447,473,647,515,464,483,478,540,363,531,422,661,362,614,631,546,515,619,270,404,456,526
0.1004934930023903,11,1,338,406,337,189,388,492,416,308,478,477,487,429,570,341,447,282,277,364,508,288,357,347
0.2794530977742842,11,0,370,350,259,367,344,326,507,197,383,336,460,362,353,515,281,349,341,329,248,515,432,445
0.42173982038818014,10,0,387,371,424,610,271,291,276,271,392,282,253,558,358,371,548,456,382,295,470,204,283,172
0.8532110263161894,10,1,443,468,411,426,335,640,398,494,410,415,474,321,514,538,456,420,591,565,297,570,368,616
0.22692366381429208,11,0,365,343,289,327,385,276,493,292,426,397,208,254,338,246,438,472,114,420,290,364,249,392
0.7107625926101444,11,1,435,423,632,383,339,382,320,540,380,407,516,538,461,427,494,400,420,372,413,339,332,327
0.3351517589109617,10,1,376,442,303,373,463,632,589,342,387,370,436,500,370,335,284,389,295,410,233,367,312,397
0.1248660016116484,11,0,355,329,328,477,476,399,310,283,278,288,396,523,141,410,456,396,437,337,425,266,403,268
0.45891171318129786,11,0,393,369,428,532,395,422,453,426,265,322,320,313,311,144,340,336,394,306,230,378,281,427
0.9580670901647043,10,1,453,482,552,392,517,544,503,447,440,519,515,563,459,553,545,609,414,523,582,579,493,522
0.5028509775258923,10,0,400,370,488,348,337,618,469,449,395,194,433,436,508,382,341,302,428,388,518,302,591,305
0.9975490091718401,11,1,473,393,495,454,564,562,518,363,481,322,537,367,628,436,429,511,397,415,532,132,314,346
0.6839246234702175,11,1,431,425,345,370,229,546,557,544,512,579,118,155,447,278,375,286,524,371,414,307,410,390
0.9678309875550968,11,0,454,316,484,250,418,371,418,342,395,265,470,336,493,316,371,403,603,383,285,337,429,290
0.4371385585777354,11,1,389,429,396,499,372,427,358,563,384,483,293,434,411,217,114,479,333,643,519,69,345,546
0.5495953299610306,11,1,408,430,502,280,379,477,396,434,284,411,262,478,296,137,483,528,377,319,401,129,478,470
0.8320458874356612,10,1,441,465,491,264,476,657,406,398,428,590,683,322,399,525,436,657,486,453,368,512,446,450
0.025681827533506896,11,1,330,396,358,382,418,540,336,478,392,526,238,463,283,412,542,451,302,300,448,241,347,281
0.5531891709910847,11,0,409,369,344,284,496,284,492,355,405,443,335,418,391,423,344,355,380,200,314,472,267,257
0.828602744417844,10,0,452,387,531,441,658,199,607,405,629,290,505,514,598,134,369,249,319,546,396,256,467,647
0.5993158337334608,10,1,416,435,405,382,526,453,583,432,249,393,317,454,436,438,551,371,412,452,492,410,336,512
0.4408162300820887,11,0,390,368,438,412,615,287,284,473,485,278,349,383,462,417,437,440,318,315,266,254,474,422
0.836917476722313,10,1,441,466,452,573,285,601,380,428,386,414,316,467,415,407,556,659,327,416,492,464,387,439
0.05905779370336006,11,1,334,401,139,356,504,554,450,449,509,452,362,602,336,409,302,342,283,459,239,532,212,475
0.3393346708824322,10,0,373,374,403,471,381,306,374,272,357,394,331,299,416,429,279,351,309,410,483,337,221,397
0.7460320846838443,11,1,440,420,418,452,409,400,499,316,489,522,666,400,354,611,474,420,461,237,446,343,347,350
0.08728480361563928,11,1,337,404,479,413,420,352,333,516,458,502,191,313,319,324,390,197,534,312,293,423,301,342
0.19680435905814098,11,1,351,416,401,413,294,199,514,366,283,417,404,585,434,339,261,507,377,528,177,479,284,292
0.41390260342318586,10,1,386,433,217,602,359,603,486,424,440,403,446,476,167,425,378,499,502,295,331,392,225,532
0.454126147527655,11,0,392,369,400,513,373,510,676,240,521,311,337,295,258,419,322,281,413,360,387,356,671,447
0.09941090514139606,11,0,352,326,216,187,397,382,294,232,539,177,434,304,313,342,356,271,387,415,245,417,522,283
0.4158114870124976,10,0,386,371,409,346,484,334,382,227,373,373,374,254,391,378,285,366,405,501,313,423,485,348
0.8752186646932963,11,1,458,408,321,489,329,181,483,268,503,488,516,392,526,315,392,458,510,306,426,320,553,377
0.8493366703822642,11,1,455,411,448,473,366,359,602,380,575,175,449,500,470,420,443,571,376,153,760,304,331,417
0.9856422494505782,10,0,471,405,458,558,454,320,399,459,545,413,438,556,357,377,433,279,544,490,403,286,425,169
0.4698209886927962,10,1,395,430,390,329,414,385,339,515,306,568,471,427,358,455,478,380,570,377,296,566,346,309
0.6177884280514118,10,1,419,436,573,525,445,494,546,491,363,540,475,375,399,516,395,417,406,433,405,454,642,575
0.3042129402449829,11,1,368,424,432,434,484,399,272,382,530,496,379,369,446,451,223,446,281,619,234,782,304,360
0.1431873244904316,11,1,344,410,169,274,276,411,311,317,275,220,436,366,259,419,231,275,335,389,254,347,478,545
0.48894060323349475,11,0,398,370,361,429,185,564,338,362,452,235,504,346,508,495,470,356,442,453,440,511,328,392
0.6037180662182456,11,0,417,365,432,289,442,392,507,241,518,300,473,328,234,191,489,233,597,392,398,96,309,567
0.6074952574759386,11,1,418,428,377,210,406,571,514,361,380,450,524,458,394,520,430,306,389,469,574,358,249,445
0.5312590478732672,10,1,405,430,359,615,466,473,353,256,499,258,351,534,511,459,571,373,452,460,337,608,313,522
0.9615248227963584,10,1,454,483,363,419,478,756,381,508,489,477,356,453,423,418,215,604,328,376,388,410,399,372
0.361755664846221,10,0,377,373,422,434,606,323,354,224,452,486,579,544,524,423,540,231,316,542,396,257,400,339
0.738483223319102,10,0,439,379,514,358,409,436,629,518,477,382,586,351,472,465,488,102,323,412,572,363,539,221
0.2764294104654109,11,0,370,350,454,342,353,417,440,409,429,450,308,317,417,328,431,204,279,485,376,268,517,342
0.28170557971683785,11,1,364,422,564,495,386,352,360,449,312,382,417,525,243,347,314,461,330,446,307,261,554,397
0.7495871943593702,10,1,433,454,496,527,505,361,404,414,478,457,486,539,489,496,421,344,455,471,453,411,468,493
0.11784393844626229,11,1,341,408,499,394,340,471,255,367,546,437,441,460,433,514,130,442,333,296,358,456,472,446
0.12187944842357423,11,1,341,408,324,324,286,520,243,463,211,408,434,358,559,486,494,302,124,279,390,612,293,500
0.5576294310002763,11,0,410,368,429,340,374,429,357,331,360,411,277,308,498,342,332,125,351,324,378,237,448,388
0.9401182351267962,11,1,466,401,440,333,414,351,535,391,292,446,307,375,489,519,612,541,427,410,352,415,684,436
0.7576147061794655,10,0,442,380,421,514,374,328,376,365,260,477,566,537,570,324,533,581,474,474,571,357,543,313
0.07812371131645068,10,1,350,477,340,391,493,505,281,327,179,576,415,495,432,525,379,328,314,689,515,409,338,479
0.8288404217716654,11,0,440,335,369,299,214,529,527,224,248,308,457,298,510,281,378,396,273,426,382,355,364,250
0.4388250252185465,11,1,390,429,543,595,603,524,270,400,471,354,326,504,263,433,389,391,487,420,458,369,222,441
0.4507037819428613,11,1,392,430,416,410,391,459,498,447,490,537,350,385,432,336,341,431,412,396,263,467,433,350
0.1229946238284253,10,0,341,392,528,424,349,417,371,350,201,301,433,527,323,365,340,484,220,364,367,402,392,582
0.8176875601816902,10,1,439,463,343,484,420,536,281,563,430,581,491,650,588,622,553,575,643,350,586,556,359,338
0.7605386600969353,11,1,442,419,343,600,273,577,325,313,547,486,443,424,402,354,548,445,443,530,478,645,447,504
0.4134475108704241,11,0,386,366,480,451,407,409,343,344,431,343,165,425,365,509,416,398,278,245,413,364,488,387
0.17090389852697074,10,0,348,387,148,446,339,499,474,562,340,151,374,368,313,357,197,296,470,500,310,296,302,257
0.8123365803981472,10,0,450,385,550,160,443,359,491,468,411,535,586,364,489,298,332,363,532,183,464,332,444,443
0.6101809284038784,11,1,419,428,554,302,546,439,415,537,582,335,407,346,561,414,473,498,284,348,428,312,275,412
0.8475477591319347,10,1,442,467,430,688,531,460,394,439,475,467,476,353,452,520,231,471,472,576,379,571,422,443
0.9183713006565635,10,0,464,397,511,468,452,334,493,549,304,377,480,331,469,475,445,525,487,456,494,498,515,386
0.045862715837755696,10,0,332,401,365,357,286,431,98,403,262,425,157,713,435,366,396,411,288,416,234,484,311,270
0.9142314708643308,11,1,463,404,523,402,284,320,411,601,447,502,534,444,331,401,433,569,511,99,554,562,571,381
0.6994600689942566,11,1,433,424,288,293,665,575,471,440,345,319,426,388,357,405,309,330,436,557,624,323,490,386
0.662425192531627,10,1,424,442,454,491,283,224,372,442,397,444,343,458,427,524,455,431,423,598,354,526,414,473
0.5688494185940659,11,1,412,429,570,385,306,326,569,488,334,573,377,342,316,432,412,487,381,419,418,552,515,492
0.05669173618167456,11,0,348,320,334,381,382,332,271,305,182,286,345,404,201,290,392,317,300,308,390,270,337,526
