TrueLocationParameter,Configuration,TrueModelUpDown,TrueLocationP,TrueLocationQ,P0,Q0,P1,Q1,P2,Q2,P3,Q3,P4,Q4,P5,Q5,P6,Q6,P7,Q7,P8,Q8,P9,Q9
0.5088784062027115,10,1,402,430,308,556,225,348,411,447,550,274,344,424,362,458,479,262,405,512,430,538,304,575
0.16613582136926563,10,0,347,387,314,490,529,456,287,643,526,342,443,287,375,336,483,290,370,413,364,290,383,267
0.23054509873415407,11,1,356,419,305,526,338,510,320,427,313,456,522,526,389,472,316,375,350,258,265,482,323,410
0.7600971310067629,11,0,434,345,394,428,492,341,482,311,342,293,415,441,311,551,471,364,474,323,419,215,572,137
0.3605873617346589,11,1,377,427,433,424,256,746,350,453,414,577,381,424,434,427,365,502,324,439,349,283,667,631
0.3393404421681867,11,1,373,426,419,360,491,575,534,410,252,485,511,394,300,198,372,357,373,377,376,473,465,567
0.4046866856217173,10,1,385,434,410,404,345,555,278,436,363,533,292,437,304,312,422,572,627,352,534,321,211,584
0.4306301766216337,10,0,388,371,437,451,303,369,351,444,455,542,398,420,387,438,399,273,288,466,336,349,379,381
0.13873964674468608,10,0,343,390,354,404,372,312,366,436,292,316,247,405,366,396,420,318,228,184,344,247,456,485
0.40436386902069954,10,0,384,371,396,406,373,464,409,625,429,151,347,429,470,220,496,378,350,639,328,382,470,321
0.41954216137252,11,0,387,367,247,342,435,258,477,180,357,447,525,473,392,471,597,501,329,386,456,456,394,232
0.5509550407637678,11,1,409,430,456,618,582,301,468,481,575,374,367,250,381,384,389,458,440,152,381,582,499,378
0.858308650125738,11,1,456,410,412,207,415,372,378,255,544,690,518,230,460,384,396,488,442,552,633,313,741,250
0.7268547469986543,10,1,430,451,316,448,626,526,381,585,501,520,379,458,397,422,449,495,378,400,577,494,270,445
0.5933451458685253,10,1,415,434,417,553,422,249,409,410,385,466,313,449,419,574,504,388,587,353,204,387,437,506
0.9007212499820509,11,0,448,326,494,437,319,251,260,289,434,342,429,339,431,373,403,457,446,474,416,350,427,364
0.6128163614142045,10,0,419,372,324,409,220,443,594,397,403,290,478,325,426,424,569,366,547,452,423,305,406,417
0.9085558237009326,10,1,448,476,379,426,498,441,498,541,331,310,547,509,441,413,500,543,522,509,506,516,413,485
0.7931035125130326,10,1,437,460,484,533,269,481,534,381,350,499,445,333,637,540,509,349,551,607,553,298,642,466
0.7073004976909709,10,0,434,377,378,349,488,332,454,214,340,368,372,330,605,515,561,394,290,348,471,479,386,304
0.7588000713045671,10,0,442,380,548,139,335,508,522,390,225,429,415,338,424,512,389,373,416,271,426,332,559,521
0.6456785102108314,11,1,424,427,236,575,482,285,367,361,403,486,301,541,580,359,382,442,378,377,508,387,272,429
0.8348800619856385,11,1,453,413,382,311,580,472,427,350,494,395,548,428,545,432,435,347,379,227,323,486,424,454
0.1361411303218132,10,0,343,390,200,415,329,270,243,227,459,420,220,362,310,428,237,521,335,190,411,449,5,427
0.8734956802224395,11,1,458,409,480,417,278,289,580,338,504,343,479,361,534,274,498,380,332,413,502,281,506,464
0.7242319999934569,11,0,430,350,499,279,426,335,402,347,421,308,527,269,542,364,566,369,503,417,234,449,459,490
0.8078388401970387,10,0,449,385,465,373,277,330,420,464,426,343,405,645,365,397,546,419,321,413,537,344,291,485
0.9855552734217853,11,1,471,395,440,396,450,490,484,572,424,471,366,239,606,345,381,254,547,424,576,435,439,399
0.9427459423016629,11,1,467,400,319,302,558,384,547,441,420,400,717,506,451,451,592,400,490,293,471,480,420,370
0.8794596044690487,11,0,445,328,429,380,461,394,308,511,385,205,434,189,543,385,519,312,308,333,396,211,382,418
0.43052516342603464,10,0,388,371,518,509,328,311,487,550,454,326,329,576,371,335,232,174,507,422,406,546,267,320
0.6266256126000391,10,1,420,437,323,432,379,472,433,323,193,269,510,438,259,357,518,536,384,573,393,370,364,399
0.37795826807094945,10,0,379,372,563,131,303,166,324,415,491,400,338,267,371,252,460,277,397,431,493,280,297,299
0.19650580877557156,10,0,351,384,415,474,303,395,359,281,377,173,498,328,278,178,486,413,469,485,464,379,384,443
0.17086769866525964,10,0,348,387,487,348,269,383,392,238,291,363,408,279,378,399,161,338,250,552,393,418,381,569
0.7672088841572323,11,1,443,419,620,398,548,499,395,624,351,465,428,531,435,441,194,459,492,312,467,628,305,642
0.7336559225437236,11,1,438,421,539,228,556,381,429,400,478,491,451,453,344,379,405,205,526,373,516,510,505,338
0.4761552356395583,10,1,396,430,488,359,558,432,525,419,326,493,375,288,347,533,503,340,456,308,240,366,381,613
0.7257123362767129,10,1,430,450,402,433,321,562,443,501,381,599,387,394,558,518,380,529,524,344,458,470,349,353
0.3982815555631053,11,0,384,365,262,375,300,407,334,481,440,360,492,372,480,395,459,529,342,355,491,386,310,373
0.9773527970456195,11,1,470,396,566,301,545,211,579,357,488,353,501,358,586,328,315,465,452,431,402,261,547,443
0.9876873446050481,10,1,456,486,534,521,559,424,310,511,237,380,588,380,645,554,519,475,541,374,588,535,415,555
0.30426002541194885,11,1,368,424,213,583,519,354,131,167,475,630,282,311,246,285,328,526,492,397,516,412,420,499
0.9532656792649468,11,0,453,318,358,405,367,422,472,325,580,317,558,390,336,427,206,435,393,356,577,404,651,253
0.46213805331679336,11,0,394,369,429,429,380,406,364,292,556,392,477,456,211,489,424,533,307,362,245,517,333,357
0.13678137940876,11,1,343,410,348,564,270,373,227,463,205,411,409,556,494,460,344,349,356,261,343,352,198,263
0.5400028673139646,11,1,407,430,572,589,267,398,364,462,461,438,596,308,448,253,586,480,464,339,462,219,284,401
0.2574399694353041,10,0,360,379,323,461,389,448,133,380,342,540,310,372,322,393,555,451,283,305,380,408,339,474
0.11712546966933268,10,0,341,392,264,419,343,433,331,465,432,632,401,382,231,407,554,212,449,254,230,532,273,130
0.6519350158168226,11,1,425,426,484,446,404,351,241,616,423,454,328,364,369,260,485,420,404,478,387,444,327,505
0.5603282957277367,11,1,410,429,422,562,356,403,404,474,398,318,556,354,305,413,276,596,459,252,323,390,340,414
0.2047770342229014,10,0,352,384,438,411,436,420,331,385,220,363,373,442,351,335,368,411,341,380,407,331,438,350
0.6806177868226407,10,1,426,444,357,279,495,470,382,557,309,388,493,557,409,645,486,535,370,466,152,434,371,559
0.9960736678852066,11,0,457,312,380,383,489,302,544,356,462,310,440,376,346,358,515,327,469,303,463,164,530,220
0.5511370658327797,10,1,409,431,420,374,567,549,247,351,509,463,298,533,385,520,378,341,383,463,424,277,522,315
0.3017694902020025,11,0,373,353,359,180,398,447,266,300,258,232,156,421,369,402,344,442,378,252,510,370,265,465
0.3076723731417558,11,1,368,424,253,478,426,471,291,277,334,400,408,366,483,356,455,481,234,397,418,251,244,388
0.1730804344782344,10,0,348,387,360,314,382,333,274,322,216,346,216,396,372,459,368,436,191,375,391,369,618,469
0.007531295470175503,10,0,328,406,577,421,440,246,163,345,157,393,242,334,386,423,491,357,414,449,255,418,365,532
0.9285182387402188,10,0,465,398,451,356,354,568,451,409,291,258,410,422,359,432,273,552,607,479,532,468,486,488
0.32204903201990465,11,0,375,356,484,235,412,379,345,375,249,439,445,396,238,613,444,439,357,224,381,335,221,444
0.6435740419421984,11,1,424,427,175,419,421,540,407,534,442,547,424,564,538,532,485,452,337,535,396,549,196,441
0.8968117834543703,11,1,461,406,324,268,570,366,696,399,482,418,591,456,258,374,481,524,496,544,307,439,398,358
0.23989195542531871,11,1,358,419,455,426,297,357,269,365,163,409,442,383,339,396,306,498,392,391,391,318,304,407
0.6251679034351526,11,0,420,363,326,251,405,236,406,365,459,344,560,279,439,305,448,334,531,425,456,322,491,350
0.4132340706069493,10,1,386,434,261,515,360,487,558,294,388,399,233,381,431,369,375,668,259,392,430,573,364,372
0.8312108538867986,10,0,453,387,555,322,431,599,523,303,491,367,609,365,633,265,428,376,514,242,572,537,411,304
0.5789439583355293,11,1,413,429,313,467,432,621,448,170,417,555,385,425,428,363,425,420,421,316,631,419,286,372
0.17810685146146876,10,1,360,464,470,323,486,714,376,403,272,431,435,680,290,451,382,541,291,530,408,450,251,526
0.22850645778740386,10,0,356,382,290,447,319,264,298,523,287,509,306,234,500,376,565,362,134,571,387,357,443,335
0.6933500426283838,11,0,427,354,496,408,546,343,332,335,327,532,335,335,245,349,202,457,565,285,590,422,368,441
0.846185224470906,11,0,442,333,363,525,323,497,347,271,387,263,388,334,496,497,280,267,533,151,187,299,353,377
0.7637133580889065,10,1,434,456,436,494,556,616,447,397,280,452,451,361,545,403,488,629,358,318,431,505,428,363
0.4321772906243775,11,0,389,368,330,435,477,304,527,341,269,454,577,380,265,288,463,190,369,491,263,514,408,492
0.45717104383504215,11,1,393,430,407,386,388,334,509,565,363,326,358,361,273,437,238,216,376,455,360,432,474,445
0.9818873921972202,10,1,456,486,397,540,417,607,478,513,526,640,303,463,280,592,547,488,651,575,349,576,541,360
0.3259708514254869,11,1,371,425,515,471,294,493,436,468,444,323,286,430,404,498,275,460,352,520,369,472,330,492
0.534852774491081,10,1,406,431,389,325,370,275,404,449,401,478,370,400,366,290,476,407,497,520,394,456,457,419
0.22581794696486734,11,0,365,343,418,263,359,149,178,357,381,448,393,454,283,525,483,417,168,501,428,416,209,460
0.5909784969664027,11,1,415,429,433,459,416,495,363,493,378,568,239,457,401,438,317,457,355,331,468,391,439,438
0.4289522823084523,10,0,388,371,327,436,333,317,318,322,450,463,344,278,394,314,396,324,271,607,419,488,401,393
0.2868875298369499,11,0,371,351,311,401,416,358,322,179,371,416,344,297,380,569,270,537,447,492,451,423,407,370
0.0015160372853207926,10,0,327,407,358,434,283,381,304,320,366,438,283,355,256,238,386,242,203,393,501,544,314,391
0.7093500032912071,10,0,435,377,506,344,471,373,572,512,361,245,314,403,310,437,514,401,289,371,524,392,471,269
0.5256743236194474,10,1,404,430,406,447,295,495,456,383,374,414,507,575,464,665,321,566,521,437,501,607,596,355
0.06866284105806175,11,0,349,321,229,438,418,330,415,450,358,253,344,268,406,282,241,372,367,280,263,348,413,372
0.513129786859103,10,0,402,370,480,307,342,232,427,305,269,290,317,383,273,573,391,371,428,114,302,396,496,406
0.8686943353420092,11,0,444,330,445,281,486,370,431,479,370,452,487,439,335,423,216,327,327,381,409,296,402,405
0.6126773768567874,11,1,419,428,409,595,411,304,317,332,195,522,494,295,328,409,501,305,429,469,450,384,469,203
0.9739145938086775,11,1,470,396,537,399,548,321,545,568,517,236,627,486,255,464,510,255,537,275,416,347,555,267
0.7169302611457007,11,0,429,351,606,362,307,246,302,407,578,257,333,531,484,301,332,399,439,301,519,312,420,352
0.9562990914770049,11,1,468,399,426,426,425,217,439,507,352,292,411,428,470,280,537,263,456,416,484,295,446,606
0.557096696032247,10,1,410,432,346,297,370,300,512,418,366,461,428,425,499,539,428,475,578,577,435,363,332,399
0.9992424938970611,10,0,473,407,395,613,519,444,394,388,402,455,434,344,496,334,484,439,597,336,370,403,493,253
0.017071554697611124,11,0,344,314,248,424,144,388,388,304,395,375,434,328,586,291,347,183,256,219,317,374,343,385
0.6625854635117395,10,0,427,374,398,251,317,384,537,461,489,387,291,488,492,346,267,242,499,370,272,260,349,561
0.8189832945583092,10,0,451,386,264,568,602,266,404,401,555,256,379,318,586,388,273,286,385,290,444,512,401,344
0.4668413839603258,10,0,394,370,490,254,477,449,304,358,210,281,258,289,182,326,609,191,519,392,277,284,355,330
0.22698047922147802,11,1,356,418,371,331,291,513,226,323,285,602,406,277,560,437,468,427,356,464,154,415,429,386
0.5899843795365001,11,0,415,366,350,332,315,359,346,334,602,269,440,311,426,313,333,478,522,388,416,154,465,374
0.32248162806519076,11,0,375,356,447,456,351,336,345,461,255,228,332,150,329,190,267,208,215,392,497,485,486,250
0.6494538203091613,10,1,422,440,402,354,316,255,573,334,307,361,506,504,468,377,414,407,540,340,431,314,411,746
0.032945503313795976,10,1,346,484,441,687,271,564,291,303,401,561,411,333,398,522,327,455,288,557,286,621,443,544
0.782691953945624,10,0,446,382,403,469,370,380,298,548,565,436,529,490,271,457,373,320,314,294,274,435,306,119
0.214916360244075,11,0,364,341,223,331,447,512,298,275,416,468,328,274,398,304,377,259,348,319,361,337,327,352
1.994701222873818e-05,10,1,342,488,334,353,298,383,222,295,184,600,409,775,440,582,339,510,328,581,316,540,400,358
0.8091598527520393,11,0,438,338,218,296,403,532,341,391,480,248,417,465,290,415,457,377,581,427,432,183,292,242
0.21717760024036115,10,1,364,458,366,464,467,403,402,601,346,354,291,458,339,637,436,561,229,401,361,497,334,402
0.7703951827436619,11,1,444,419,549,463,428,418,266,539,467,372,462,352,363,375,441,220,422,354,241,545,376,490
0.21160146793347057,10,1,364,459,568,478,282,435,459,427,438,305,321,395,433,517,324,350,392,500,381,352,321,419
0.2170270768655449,10,0,354,383,360,227,489,413,408,167,57,398,226,394,634,309,257,519,451,405,274,336,498,303
0.9788405367732008,10,0,471,404,370,200,394,485,544,561,563,237,269,351,390,462,564,478,335,411,600,645,513,349
0.9110379241125597,11,1,463,404,476,363,496,336,481,486,668,545,353,333,417,356,596,395,536,429,675,523,531,378
0.10464415263907867,11,1,339,406,220,572,385,368,227,486,350,378,243,244,201,604,204,454,242,401,326,277,358,431
0.08022667366111413,10,0,336,397,315,402,385,575,435,493,433,248,411,315,163,359,425,458,331,424,424,255,449,503
0.0584970189952958,11,1,333,401,416,475,251,419,466,598,266,378,392,280,318,319,498,427,240,332,352,481,324,405
0.23525100543037503,10,0,357,381,238,426,376,193,295,248,298,246,235,339,210,485,284,425,329,150,269,381,369,244
0.5944165018027381,11,1,416,429,412,304,436,339,326,369,387,400,417,584,492,384,303,261,476,362,456,460,462,439
0.4899169784993933,10,1,398,430,581,548,408,346,377,368,345,350,393,248,357,454,303,513,463,426,430,530,235,519
0.5178387236239927,10,1,403,430,503,371,416,420,270,354,345,398,579,414,514,297,306,479,294,375,452,433,444,414
0.363510452556026,11,0,379,361,294,334,275,411,401,352,519,259,559,355,306,375,463,370,254,312,473,414,428,235
0.7543609630783669,11,1,442,420,518,410,513,392,435,342,380,405,486,654,405,369,545,418,406,568,304,457,394,510
0.3955816261548555,10,1,383,435,399,430,403,367,283,424,422,346,331,381,435,429,291,446,190,615,363,462,406,335
0.2582913354293772,11,0,368,347,407,327,325,400,398,234,320,353,149,463,299,253,445,307,324,308,287,367,466,377
0.15419077869606612,10,1,358,467,338,511,342,560,415,514,378,411,307,402,212,424,246,257,502,331,344,423,279,476
0.8968471694109169,11,1,461,406,560,218,457,480,392,323,446,362,524,405,601,516,618,284,487,528,399,369,464,378
0.2158027352959313,11,1,354,417,178,517,247,524,245,502,487,250,444,390,498,342,354,271,483,477,509,583,338,292
0.22136578778604876,11,0,365,342,470,551,375,311,477,362,433,159,346,350,301,621,232,273,364,330,438,266,436,363
0.07929269657655513,11,1,336,403,377,304,440,411,210,605,305,314,366,347,401,484,306,409,478,425,124,598,368,418
0.838542187317754,11,1,454,412,416,459,366,440,394,419,531,279,418,528,454,415,436,335,453,273,562,526,538,226
0.10621010073903159,11,0,353,326,237,286,339,297,549,202,236,425,330,487,233,217,399,328,366,366,282,302,342,160
0.6565838221754225,11,1,426,426,397,363,419,280,461,282,486,392,443,470,495,273,311,495,346,586,258,282,171,385
0.3196148618057958,10,1,374,444,307,415,471,437,255,498,460,515,308,559,284,376,235,354,339,597,497,346,333,386
0.8086567023564984,11,0,438,338,483,219,431,258,488,270,416,293,246,321,535,369,523,173,567,232,611,340,384,169
0.3479820197709137,11,1,375,426,258,360,167,367,278,471,482,525,361,218,393,288,359,236,459,328,366,410,436,534
0.3768580130518743,10,0,379,372,491,206,460,464,356,304,407,415,350,462,481,255,397,465,392,536,362,299,378,443
0.7395384024699185,11,1,439,421,471,381,410,540,387,410,236,342,476,339,442,578,455,442,696,218,449,485,283,453
0.7335303410137163,10,1,431,452,417,415,277,636,520,500,442,464,413,441,214,459,425,397,302,324,555,361,525,280
0.9354727451076632,10,0,466,399,522,596,346,684,734,205,467,428,339,480,418,400,423,281,471,425,291,307,452,390
0.6098552673268272,11,0,417,364,351,471,339,187,338,279,532,341,412,450,309,548,227,360,243,139,333,628,372,264
0.5288749897531438,11,0,405,370,312,268,386,344,418,284,397,504,266,403,245,526,286,434,484,277,503,171,449,291
0.3086038327868623,10,1,373,446,404,381,408,458,187,391,343,240,439,539,392,511,389,379,560,507,469,446,407,626
0.9319966891394994,11,0,451,321,466,160,522,201,588,313,439,366,386,248,308,281,418,145,450,287,454,528,273,324
0.7714369775669329,10,0,444,382,419,358,334,410,546,420,599,355,485,351,405,533,334,347,527,275,296,343,305,465
0.7411764392010808,10,0,440,379,215,543,516,521,466,351,452,626,478,620,509,388,442,444,482,346,464,485,379,466
0.6319396989886193,11,0,420,362,339,157,351,436,450,323,345,514,553,386,472,377,336,468,379,379,241,303,580,402
0.0771659233328219,11,0,350,322,435,148,478,395,207,237,383,256,426,181,276,400,396,309,156,292,364,278,235,209
0.09191269093325638,11,0,352,324,365,378,349,287,368,279,309,294,325,184,410,510,312,338,257,356,359,197,366,196
0.7262943813119658,11,0,430,349,340,501,428,202,268,444,511,302,389,327,548,485,428,494,502,321,387,350,499,247
0.4026059992583295,10,1,384,434,359,507,425,463,309,373,425,544,434,429,516,337,583,463,484,622,352,448,474,290
0.5894439711136235,10,0,415,371,323,524,742,371,482,330,387,445,411,315,464,351,627,346,344,162,370,268,366,300
0.6996998281951329,11,0,428,353,429,296,415,269,464,536,604,425,401,235,399,309,560,335,522,402,389,524,648,326
0.3356463301056192,10,0,373,374,319,390,473,509,471,563,289,201,456,349,414,371,532,182,282,154,346,389,286,292
0.5416518958128729,11,0,407,369,271,328,241,385,293,468,326,483,353,488,300,375,376,440,414,245,297,547,238,261
0.14368367318970987,11,1,344,410,422,434,175,204,376,354,340,517,445,302,418,495,339,425,250,361,514,465,448,342
0.8413386993181938,10,0,454,388,439,349,531,343,434,427,342,281,444,287,320,377,474,541,383,383,583,451,652,276
0.099407605986497,10,0,338,394,631,585,206,319,416,369,420,284,288,551,563,380,280,440,262,352,437,414,328,611
0.6274330439902102,10,0,421,373,527,215,495,333,347,524,515,229,235,396,263,326,298,383,479,408,388,334,572,113
0.8640164160884015,10,0,457,390,512,237,465,271,436,398,316,440,410,505,334,460,243,388,450,501,418,361,460,395
0.3095801239938335,10,1,373,446,471,411,362,317,351,534,619,468,461,415,429,319,477,371,455,545,420,479,397,535
0.3937796606423175,10,0,382,372,336,497,437,434,288,130,362,381,275,356,343,284,320,328,353,194,282,443,489,373
0.30997641527720476,11,1,368,424,326,456,313,466,459,556,234,452,213,462,430,474,478,359,352,420,317,285,322,385
0.215529746119827,11,1,354,417,249,411,411,528,481,363,306,473,488,433,232,469,255,341,418,501,212,347,351,445
0.5181947353640606,10,1,403,430,458,632,253,299,419,213,583,556,446,296,403,363,274,269,399,359,430,510,603,446
0.9658088839132303,10,0,469,403,372,446,362,456,505,343,522,506,629,387,419,253,569,441,415,600,561,361,516,465
0.8659126819441484,11,1,457,409,394,481,438,411,440,259,556,319,489,648,455,163,497,419,666,460,489,337,502,550
0.9415038505107761,11,0,452,320,434,378,394,324,503,283,302,244,397,336,216,189,324,406,545,177,534,122,494,352
0.7472510327797385,11,0,432,347,419,355,431,322,460,215,559,459,441,303,347,367,386,348,619,99,431,261,253,349
0.19332274542737926,10,0,351,385,339,366,375,247,408,410,245,327,294,464,473,438,278,475,429,512,350,307,388,444
0.3057671960720385,10,1,373,446,299,383,339,431,281,498,408,406,339,400,426,441,467,488,332,481,319,255,284,441
0.5374674982233891,10,1,406,431,509,531,469,268,444,395,602,542,462,451,432,285,621,416,341,358,251,415,441,344
0.6415847026129506,10,0,424,373,411,271,335,431,556,489,517,412,544,447,287,303,447,400,494,416,434,130,213,432
0.49394916449129844,10,1,399,430,493,498,378,459,322,443,311,502,381,304,391,278,358,552,318,292,584,461,312,499
0.4163796126560041,10,1,386,433,387,531,308,517,378,632,508,540,273,503,336,334,381,374,391,390,360,661,331,392
0.6179204169407112,11,0,419,364,243,425,373,454,453,468,387,439,405,204,436,154,368,171,434,414,367,358,273,433
0.2537738596050956,11,1,360,420,686,381,406,385,417,356,341,471,303,380,351,373,261,444,444,361,544,524,295,482
0.489540303388876,11,1,398,430,542,366,179,336,350,389,425,525,453,315,602,540,320,677,535,515,303,532,469,493
0.291482446031872,10,1,372,448,455,553,205,368,370,403,511,268,534,533,396,435,341,535,205,292,275,358,171,286
0.8477509478981872,11,0,442,333,601,422,484,254,428,350,614,420,426,318,363,393,507,352,365,356,285,542,399,305
0.9918220246901974,10,1,457,487,477,607,477,481,600,355,437,554,316,746,664,579,489,604,604,338,572,364,414,581
0.06464260047357151,10,0,334,399,435,399,77,553,280,191,104,450,327,382,227,300,171,535,336,514,420,360,351,471
0.5544351199411801,11,1,409,430,457,402,389,349,441,282,521,518,329,276,430,521,474,361,311,367,467,636,308,210
0.49325271366266155,10,1,399,430,568,268,423,472,273,437,363,320,319,348,462,410,567,407,273,273,338,400,436,271
0.572706125792977,10,0,412,371,440,398,477,337,301,428,396,484,625,387,560,299,318,444,381,445,360,498,348,462
0.9756232162701634,10,1,455,485,390,464,522,486,558,262,337,599,527,604,391,426,393,404,402,415,452,429,599,236
0.33260238339658166,10,1,376,442,534,355,427,344,333,557,281,620,301,563,396,549,188,425,394,410,645,544,494,483
0.3181651682109192,10,0,370,375,424,274,278,456,475,433,381,389,413,534,478,324,329,402,452,356,509,348,467,594
0.4445372387622737,11,1,391,430,210,363,363,294,486,434,301,380,277,456,481,302,209,382,322,473,260,416,279,432
0.782710303181724,10,1,436,458,403,499,420,433,314,459,469,340,233,281,462,453,478,347,416,575,500,320,411,436
0.24110814278089343,11,1,358,419,416,413,187,298,391,368,309,223,297,454,277,520,162,449,394,318,318,451,345,560
0.25507063159089693,10,0,360,379,442,378,407,423,283,363,255,268,299,331,394,320,455,340,231,431,380,450,287,272
0.8583548357813593,10,0,456,390,326,542,264,247,469,305,512,466,366,339,429,507,254,368,386,421,553,310,555,655
0.9806871013489401,10,1,456,485,451,574,405,683,408,324,402,411,481,534,635,464,513,626,281,484,484,505,427,504
0.13549480713241668,10,0,343,390,272,328,238,440,448,444,354,380,371,388,432,441,437,251,300,310,320,390,157,459
0.5357059487532388,11,0,406,369,416,381,449,275,420,631,362,412,450,223,461,301,472,400,415,468,501,527,353,261
0.21001779610703608,11,1,353,417,354,526,307,452,372,353,434,572,371,373,317,351,358,373,194,331,285,538,302,324
0.5122356018238367,10,1,402,430,534,547,521,601,530,462,315,451,326,458,238,398,392,446,442,588,540,568,461,565
0.3248787028509449,11,1,371,425,417,354,212,296,287,372,188,591,289,617,448,323,552,416,304,434,355,419,630,273
0.24945379849519056,11,1,359,420,382,455,325,351,459,541,291,540,350,558,439,522,441,411,348,601,386,413,596,312
0.17509891839273461,10,0,348,386,304,339,242,252,223,250,430,379,461,262,536,324,329,534,202,291,259,531,198,355
0.3863945272986503,11,1,381,428,325,425,493,490,538,444,270,643,527,394,481,588,387,306,437,373,345,458,402,343
0.3027371352209277,10,1,373,447,250,429,441,572,344,554,338,424,440,229,543,401,172,416,308,502,608,333,336,458
0.677523951837107,10,1,425,444,324,455,475,287,329,385,345,329,517,385,382,442,469,250,474,652,512,714,318,397
0.47838893380887015,11,0,396,370,414,243,446,322,342,475,356,216,431,292,442,350,361,421,465,480,382,255,318,244
0.21569079680828007,11,1,354,417,385,384,419,579,438,305,235,450,264,525,317,329,187,471,380,576,425,542,315,347
0.9328050669678727,10,0,466,398,376,343,510,313,247,300,597,167,461,278,656,439,541,136,503,366,328,460,368,389
0.690129627667621,10,1,427,446,600,410,429,632,305,611,529,353,535,346,562,288,438,502,555,362,386,516,587,541
0.8431866476039294,11,0,442,333,275,139,404,407,353,286,498,143,441,362,412,253,454,297,299,393,590,242,349,296
0.05006984873645837,10,0,332,400,284,355,492,527,272,283,391,428,479,459,437,501,241,486,365,451,199,315,332,334
0.7793933069463889,11,1,445,418,536,330,571,646,302,489,322,410,388,468,405,405,499,467,523,386,410,538,287,405
0.7086787221304047,11,1,434,423,212,278,455,324,337,324,482,457,472,498,386,318,386,533,475,336,349,501,403,338
0.21895522200374617,11,0,364,342,312,250,529,195,411,353,168,256,546,119,424,528,288,326,458,240,380,96,459,261
0.6479866932676792,11,0,422,360,355,260,319,419,458,333,497,350,389,288,155,377,375,326,250,224,451,281,405,282
0.6309722614932963,11,1,422,427,413,412,588,449,672,442,559,266,263,575,314,458,427,353,344,435,549,412,402,539
0.09411978919429909,10,0,338,395,401,362,372,421,377,298,503,462,83,395,211,632,449,521,237,547,240,482,246,498
0.07110562854541858,11,1,335,402,268,351,398,416,228,465,293,362,299,374,370,512,226,453,442,374,278,414,381,412
0.2852777112188599,11,1,365,423,251,262,410,337,397,508,623,469,448,357,346,405,544,509,486,567,491,282,354,425
0.6261073353481589,11,1,421,427,380,466,264,462,495,309,559,560,375,559,613,275,252,396,444,349,597,274,335,589
0.9441694664934182,10,0,467,400,416,274,372,378,454,343,396,461,583,473,420,399,475,368,532,379,314,514,337,189
0.7118609391154772,11,1,435,423,323,305,570,446,220,486,505,404,336,291,548,481,371,430,485,459,497,312,255,446
0.31286682942182475,11,0,374,355,357,467,277,347,341,550,277,485,326,346,592,528,208,179,280,272,356,524,510,335
0.6147701269650482,11,1,419,428,549,492,376,457,407,432,475,438,293,499,324,355,419,421,531,435,358,338,290,360
0.023091398683566355,11,1,330,396,264,257,267,305,331,388,311,521,400,607,416,291,620,439,354,426,305,436,413,436
0.14339226732926524,10,0,344,390,289,492,568,370,230,373,380,376,521,474,345,503,257,223,303,232,415,229,318,545
0.20300909640426323,11,1,352,416,404,261,270,291,384,607,164,287,542,347,428,442,255,536,327,326,186,529,334,406
0.1526053111223724,10,1,358,467,406,487,633,450,406,277,258,366,204,441,392,432,455,425,389,470,384,321,257,408
0.6087326812964984,11,1,418,428,466,496,516,450,345,449,456,328,549,434,338,420,557,393,388,374,295,347,487,592
0.8339126983948383,10,0,453,387,220,540,455,441,599,531,451,152,279,385,214,196,402,107,518,403,451,545,555,449
0.9510457740718713,10,1,453,481,400,493,425,491,438,438,436,404,411,403,301,445,565,602,378,514,536,399,386,544
0.46444301971883095,11,1,394,430,393,391,543,278,350,509,469,446,472,332,306,312,448,543,197,262,160,565,561,488
0.926123362720384,11,1,465,402,587,551,380,315,427,332,570,435,416,414,409,401,504,557,415,293,308,461,502,170
0.650297587708062,10,0,425,374,509,405,262,314,528,485,192,254,331,367,410,363,421,375,516,328,323,381,359,348
0.2689319827875589,10,0,362,378,429,435,253,316,277,310,325,373,317,373,314,407,250,306,277,299,306,436,307,425
0.6073228534886583,10,1,417,435,305,264,339,270,398,545,144,488,466,547,301,353,364,370,284,693,453,288,465,380
0.9234038342917271,10,1,450,478,431,307,464,324,450,381,523,579,537,625,440,398,395,366,485,443,473,411,343,527
0.13803802213021787,11,0,356,331,501,433,278,348,213,342,415,530,230,284,430,266,459,291,107,381,388,430,393,447
0.26826295506741216,11,1,362,422,433,494,377,400,353,304,93,309,472,303,351,374,38,442,242,553,322,361,376,404
0.5690306729485111,11,1,412,429,591,391,504,485,345,452,263,563,201,582,531,476,474,525,462,486,562,316,288,535
0.6515104788276115,10,1,423,440,470,409,379,491,386,289,395,379,408,334,332,561,344,436,363,486,354,542,457,378
0.5303766548908494,11,1,405,430,454,343,256,441,336,347,485,573,453,495,400,597,532,487,276,381,399,329,310,422
0.3931095783396594,11,1,382,428,270,375,507,240,396,578,518,361,447,583,487,387,335,324,467,531,382,349,263,324
0.8251184438333132,10,1,440,464,671,607,490,527,534,396,280,408,532,361,460,499,427,404,454,475,514,418,569,579
0.43087727701772494,10,1,389,432,377,386,512,582,284,268,240,644,547,394,347,368,348,335,273,482,143,370,527,382
0.11203624120061706,10,0,340,393,269,365,220,245,357,258,493,452,169,431,408,223,345,432,463,269,236,539,391,556
0.48037502853052627,11,0,397,370,492,278,564,376,359,393,528,431,444,324,424,359,433,373,441,396,355,344,348,434
0.4652478521010922,10,0,394,370,284,347,393,379,309,296,255,389,173,372,277,274,476,446,432,319,345,454,503,476
0.6909833109357454,10,0,432,376,454,289,617,361,352,508,488,475,426,283,288,458,596,333,386,403,577,192,586,307
0.6269838821155487,10,0,421,373,440,404,448,353,375,293,487,368,417,172,290,471,492,438,462,390,437,529,570,312
0.9830416181627465,11,1,471,395,470,382,495,412,490,457,468,345,422,425,495,446,692,614,523,391,521,359,480,365
0.1285761687796314,11,1,342,409,203,405,369,603,440,244,335,472,497,493,372,318,198,322,341,357,348,477,298,483
0.17774553427380224,10,1,360,464,376,436,214,415,454,469,420,541,280,472,196,407,451,405,466,505,489,395,340,288
0.7824504313142768,11,0,436,342,600,446,497,152,262,346,457,501,446,231,390,321,416,484,545,379,543,505,272,363
0.19188452500438757,11,0,362,338,450,226,393,382,397,359,272,357,325,497,355,412,366,304,281,357,449,592,398,413
0.4160890976714787,10,0,386,371,297,219,478,331,425,400,272,499,489,345,274,681,381,359,229,404,472,349,257,417
0.34300736028483614,11,1,374,426,263,380,366,356,361,427,376,408,296,433,383,413,401,404,414,395,262,449,511,350
0.5943176113048754,10,0,416,371,392,285,590,290,718,444,457,362,428,341,417,300,330,552,305,405,368,343,381,413
0.019422300549758242,10,1,344,485,167,407,376,454,308,485,184,388,471,399,413,482,209,433,389,389,332,407,274,361
0.4866633501989034,11,0,398,370,491,317,382,146,281,363,524,247,428,283,402,239,497,272,419,294,478,307,337,335
0.5149803078109446,11,0,403,370,322,342,337,320,415,347,550,469,456,234,380,441,475,356,507,282,390,397,307,554
0.18823394595016463,11,0,361,338,357,229,342,397,411,246,436,52,362,480,486,372,490,366,456,352,388,533,269,212
0.6499796920911948,11,0,423,360,365,453,420,353,378,490,410,428,475,364,338,255,521,299,554,143,396,399,583,419
0.13052473770326567,10,1,356,470,211,409,463,396,313,466,381,333,309,436,463,543,315,541,533,599,435,452,215,546
0.2580826081195371,10,0,360,379,511,160,408,539,405,284,361,235,340,511,273,392,311,156,241,445,294,183,259,332
0.12069371496466508,10,1,355,472,199,259,233,468,205,544,345,499,380,497,475,482,347,382,242,336,318,626,181,693
0.9232273404951804,10,1,450,478,556,510,488,451,389,558,488,377,380,490,383,431,510,398,511,445,480,632,493,447
0.2734915840486891,11,0,370,349,480,429,423,441,390,262,470,200,452,208,346,272,167,107,351,334,444,310,444,235
0.9547197871928509,11,1,468,399,393,493,429,350,430,361,444,290,696,311,541,432,503,197,616,277,387,359,625,329
0.7938222476619939,11,0,437,340,448,288,368,447,335,363,365,412,440,358,288,330,343,360,391,373,480,295,288,371
0.9254760771770625,10,0,465,397,390,552,638,319,430,407,416,368,444,349,411,408,541,452,442,369,446,431,534,490
0.12022095054662219,11,0,354,328,254,209,526,541,151,170,263,265,615,260,562,315,348,415,233,171,465,317,292,229
0.06764193641457517,10,1,349,479,325,373,323,398,314,512,222,552,394,571,385,538,364,546,316,700,368,443,192,398
0.7971694429132177,11,1,448,416,392,372,578,332,482,183,207,376,458,406,355,454,491,488,411,451,419,518,627,443
0.217520037240704,11,1,354,418,310,345,516,229,276,480,49,465,271,503,368,488,365,495,304,338,206,437,367,475
0.1340476691676019,11,0,356,330,247,389,408,430,468,453,297,500,263,218,324,292,280,335,373,284,289,491,203,455
0.5694849960501376,11,0,411,368,438,398,442,379,488,460,515,449,533,410,313,493,477,133,286,382,624,393,575,374
0.3375546179067417,10,1,376,442,365,373,354,315,538,320,440,360,335,592,431,466,328,376,485,535,275,511,325,582
0.630971718113864,10,0,422,373,347,276,428,298,399,461,460,422,396,434,381,446,435,248,491,638,366,403,501,308
0.4515937282663147,10,1,392,431,412,548,354,558,582,599,500,483,495,418,488,214,346,516,306,373,435,492,401,346
0.5354974112352121,10,0,406,370,567,452,293,485,422,440,481,280,332,380,318,166,366,446,596,527,364,388,405,443
0.11715379049863428,10,0,341,392,240,380,409,313,320,463,468,577,334,536,223,519,576,240,427,232,252,268,298,280
0.9066458953639194,11,0,448,325,335,329,369,382,341,325,418,416,563,298,450,260,416,390,508,548,387,324,222,265
0.24307056407803262,11,0,367,345,458,285,482,461,221,481,387,405,428,302,444,273,282,238,472,390,389,354,433,357
0.6418479196413436,10,1,422,439,480,329,534,514,598,369,270,712,427,572,182,495,369,344,292,351,494,450,437,609
0.06494453721401139,11,0,349,321,142,164,245,298,284,173,319,341,353,346,225,237,526,398,561,305,513,372,316,352
0.5121184934846809,10,1,402,430,346,308,365,370,306,366,467,373,424,456,328,493,296,409,416,482,574,424,450,594
0.7881454260588037,11,0,436,341,339,443,464,251,562,123,405,321,248,256,694,327,311,411,356,299,405,409,369,297
0.14156828196860127,11,1,344,410,359,462,279,311,185,478,426,554,422,344,408,317,381,430,265,208,351,459,182,355
0.9366941088426406,10,0,466,399,435,416,450,320,591,279,540,381,407,258,485,466,423,378,544,545,535,418,407,690
0.3449722334114136,10,1,377,441,420,444,448,483,224,398,363,534,469,490,386,652,415,541,476,478,198,372,475,484
0.8573664612772974,11,1,456,410,367,321,504,468,444,354,350,473,477,491,368,265,579,444,515,454,516,459,410,456
0.2659988087303379,10,0,362,379,303,325,492,453,513,469,395,400,447,412,515,652,230,508,162,415,421,292,214,613
0.004692608163100798,11,1,328,394,411,415,329,438,236,362,473,207,224,417,350,401,266,289,605,482,221,489,525,298
0.5692767807562297,11,1,412,429,500,414,469,542,262,330,385,374,93,328,370,263,341,434,665,424,517,377,528,222
0.8339127968902841,10,0,453,387,419,434,385,373,382,351,577,362,485,516,686,356,431,450,638,181,482,417,238,281
0.6083029738348154,11,1,418,428,490,359,496,432,437,582,424,529,376,424,312,457,562,480,580,439,395,446,274,337
0.751686899983406,11,1,441,420,490,389,406,495,264,354,390,387,412,369,592,376,496,362,340,338,495,582,485,459
0.029127647128078915,10,1,345,484,297,631,269,418,409,513,349,345,453,468,275,558,224,522,437,548,233,388,456,333
0.37589850376637035,10,1,381,437,503,417,479,616,472,434,290,395,275,502,385,367,308,298,356,501,227,515,432,536
0.22629514159237685,11,1,356,418,312,317,394,370,328,349,301,600,312,429,369,240,538,482,503,547,280,296,464,366
0.9132653625918693,11,1,463,404,388,126,336,546,548,445,260,391,480,308,452,304,621,457,373,407,411,375,519,317
0.7902668311189037,10,1,437,459,408,439,192,452,534,547,494,524,644,525,475,537,393,344,509,525,348,395,359,320
0.590366943299195,11,0,415,366,396,277,450,359,205,483,222,328,538,246,393,371,402,269,611,419,489,418,341,340
0.16413929804831806,10,0,347,387,415,349,175,582,393,355,531,352,545,353,391,370,246,472,406,341,143,318,334,413
0.9200329080989235,11,0,450,323,414,331,456,355,455,470,471,409,403,230,476,235,474,366,468,337,382,355,497,283
0.7466873058431385,10,0,440,380,447,459,352,367,522,367,433,509,488,391,362,242,380,568,547,497,543,211,405,455
0.11587763725416189,10,0,340,393,423,310,412,522,339,399,390,356,481,323,252,470,42,203,178,364,324,413,534,422
0.2439465047396957,11,0,367,345,267,382,318,453,384,267,303,527,396,388,357,381,362,302,350,330,440,288,247,546
0.8876571470907437,10,1,446,473,328,506,293,411,517,405,469,669,392,471,483,331,330,372,468,762,530,441,388,396
0.6962148304911511,11,1,433,424,311,583,353,679,450,381,355,465,541,556,380,456,465,518,506,581,434,299,468,340
0.27032118055985377,10,1,369,451,212,457,325,500,328,547,442,477,399,410,474,399,288,490,300,392,334,445,341,437
0.5590225996105833,11,1,410,429,341,487,311,478,402,252,425,362,511,474,308,396,422,371,481,407,387,471,392,459
0.15101812895167943,11,0,358,333,416,463,657,361,483,283,605,287,437,387,342,361,222,135,380,320,379,378,412,299
0.9469267420864454,10,0,467,400,560,550,581,639,529,371,499,465,625,374,456,353,612,551,453,383,516,233,578,317
0.6705465726405717,10,0,428,375,458,280,456,532,259,183,448,605,443,346,601,488,630,488,461,483,444,464,444,451
0.18677652521716726,10,1,361,462,208,368,350,338,212,250,405,435,442,572,237,298,233,425,446,442,401,369,480,469
0.6795700354393028,11,0,426,356,586,378,416,295,397,401,600,351,331,431,403,395,429,379,508,486,451,418,661,228
0.28621278946289475,10,1,371,449,439,396,332,469,365,610,334,344,356,554,461,396,293,358,521,435,562,366,301,373
0.9742348968532737,11,0,455,315,495,315,541,326,430,416,539,231,246,320,410,344,533,515,473,280,397,269,300,473
0.4298697788735534,10,1,388,432,330,446,306,456,465,155,265,433,243,472,548,506,327,405,363,357,413,350,365,462
0.03757117791032183,10,1,346,483,402,523,440,410,425,530,315,454,323,518,168,552,429,573,210,376,363,376,274,612
0.5662379411357366,10,0,411,371,292,411,463,326,540,355,342,291,382,424,346,422,493,356,499,485,282,382,389,469
0.3710311388843007,11,0,380,362,430,553,317,258,368,331,441,289,353,434,378,458,269,261,338,232,373,439,512,338
0.4169614224274377,10,1,386,433,548,445,339,418,589,249,225,603,418,521,418,426,351,479,417,543,540,559,141,519
0.7798046141755475,11,1,445,418,436,347,458,732,324,430,457,388,459,524,554,638,423,379,330,445,546,422,586,346
0.22088881458703336,10,1,365,458,239,488,441,479,463,489,481,525,494,349,336,513,191,519,345,563,475,506,347,423
0.7152384866685589,11,1,436,423,454,400,403,554,364,383,414,393,149,602,441,383,321,486,514,388,565,281,490,416
0.8661936901723146,10,0,457,391,419,432,466,479,505,240,622,368,448,318,555,388,563,443,447,502,418,452,416,461
0.2471587188891039,11,1,359,420,189,540,364,642,230,681,518,223,242,471,517,336,247,513,328,448,340,503,168,450
0.6196028732614774,10,0,420,372,456,439,321,372,439,257,258,500,302,233,430,386,518,378,543,293,378,315,443,260
0.2018510431852738,11,0,363,340,242,333,390,207,321,255,253,361,562,330,278,526,272,210,457,334,512,195,397,232
0.33354307894573276,11,1,372,426,445,580,306,273,496,385,318,412,577,215,160,499,435,446,420,518,287,403,530,388
0.7112393232101698,11,1,435,423,407,414,500,498,438,408,492,514,374,501,384,614,535,562,268,461,601,382,412,433
0.19409719579278073,10,0,351,385,436,341,267,390,337,461,387,504,412,331,512,481,331,508,400,340,398,461,438,380
0.795958187526514,10,0,448,384,184,216,234,267,460,98,352,330,538,227,311,403,396,426,457,513,552,400,371,99
0.4347828815354263,11,0,389,368,371,499,425,272,475,411,379,422,626,332,368,346,445,376,521,405,426,607,271,266
0.2513360144587927,10,0,359,380,291,302,397,266,343,349,364,317,250,439,498,469,422,254,396,304,414,280,434,231
0.5016037783480429,11,1,400,430,416,305,520,395,367,484,375,566,425,382,354,359,286,393,559,467,420,405,388,502
0.7156760628829185,10,0,436,377,374,384,296,431,396,389,349,367,527,277,369,347,439,314,571,502,199,374,398,364
0.568566117997081,10,0,412,371,225,458,336,269,419,328,485,377,416,445,225,219,336,374,463,369,322,321,277,397
0.745556129462916,10,1,432,453,558,409,383,490,489,458,344,407,523,432,463,488,399,491,351,339,395,284,348,448
0.25798747999237237,10,0,360,379,348,478,564,481,495,395,276,518,307,459,189,459,360,268,490,380,321,418,239,341
0.7272088125765162,10,0,437,378,532,503,296,403,435,369,445,385,309,411,511,369,353,399,502,352,389,170,425,291
0.7085843076164828,11,1,434,423,488,366,332,341,287,625,541,518,396,522,518,298,481,472,561,426,197,501,422,353
0.9664318538827465,10,1,454,484,573,395,388,648,551,645,416,589,400,581,564,588,280,541,368,647,465,411,437,340
0.37789748309796656,10,1,381,437,284,328,566,464,523,570,473,440,404,289,221,278,334,508,415,376,469,487,421,438
0.4499988857304108,10,0,392,370,466,456,290,340,628,237,484,506,556,298,327,358,245,315,322,178,350,248,315,428
0.7010628398435567,11,0,428,353,333,364,483,525,328,356,549,347,349,282,302,399,320,398,528,231,396,543,496,332
0.26777417673375337,11,1,362,422,294,488,368,349,525,463,310,408,250,380,438,608,362,545,217,302,293,304,343,267
0.8942543711808523,10,0,461,394,535,472,352,315,362,289,597,327,698,354,564,280,510,327,339,477,483,457,367,454
0.9217420820234217,11,0,450,323,536,238,532,400,401,219,381,228,395,327,378,435,403,346,418,462,681,278,441,331
0.08384452945360232,11,0,351,323,441,214,294,339,366,502,286,452,273,227,300,398,230,282,151,384,316,377,405,230
0.6727258722211238,10,0,429,375,528,538,534,261,524,514,556,478,378,354,438,598,232,254,438,340,368,317,491,460
0.7572310384312854,11,0,433,345,431,247,445,491,452,399,393,435,545,153,496,472,523,413,538,353,240,223,423,317
0.903990670534743,11,1,462,405,539,369,379,425,467,537,426,379,415,482,486,309,566,351,523,310,328,343,301,435
0.53616521344061,11,0,406,369,245,235,438,441,569,467,305,378,440,452,333,466,488,399,298,220,377,407,563,282
0.3480137360237391,11,1,375,426,339,413,445,314,525,509,276,413,531,318,365,587,322,560,336,427,355,359,305,490
0.5311431919241525,10,1,405,430,524,463,555,664,409,461,443,443,541,461,353,338,461,475,512,481,372,425,362,264
0.6699509388585859,10,0,428,375,320,484,437,371,387,400,327,436,564,348,516,339,441,403,599,403,433,280,602,413
0.4926340388623919,11,0,399,370,436,370,481,326,391,257,460,533,367,132,407,348,310,315,422,467,273,309,375,450
0.008604438003958381,10,1,343,487,331,595,475,587,269,481,409,313,250,682,247,468,413,467,390,221,202,405,404,483
0.07679377785573072,10,0,336,397,259,524,421,234,189,470,341,348,132,491,412,300,319,438,254,368,232,179,447,431
0.8278504737545592,11,0,440,336,623,160,529,308,467,321,477,276,547,199,385,451,368,338,485,179,446,380,412,403
0.6212878264307334,10,1,419,437,616,446,355,214,491,412,512,352,245,333,392,546,415,202,374,420,302,387,319,343
0.8909595510930964,10,0,460,393,483,327,472,489,468,354,437,388,372,317,529,441,515,330,566,375,491,549,305,411
0.819620151068453,11,1,451,414,337,466,379,341,381,504,371,531,348,541,480,415,443,383,433,504,348,583,597,335
0.0870567900661613,10,0,337,396,191,456,251,349,232,361,414,380,306,287,294,393,424,444,386,382,114,507,306,402
0.8903081689978197,11,1,460,407,530,382,583,480,541,392,534,489,461,481,505,407,587,541,474,284,498,280,535,314
0.4920460769720606,10,0,399,370,382,304,391,412,231,262,342,299,292,307,554,367,546,436,471,495,378,347,271,422
0.523205469975917,11,1,404,430,411,302,663,406,386,447,410,499,282,453,387,443,452,464,336,467,385,393,474,457
0.17319704745696463,11,1,348,413,343,510,387,345,205,435,295,541,496,314,294,487,416,509,341,515,407,501,458,473
0.22425394471552285,10,1,365,457,316,446,589,392,172,578,243,254,358,425,199,296,269,489,257,464,458,573,425,565
0.28818563881301373,10,1,371,449,312,481,333,595,356,481,380,430,123,480,291,505,361,416,393,388,283,329,226,484
0.8793028718282021,11,1,459,408,538,510,408,412,597,355,521,583,486,388,457,509,224,436,563,441,284,456,476,369
0.2784486400091881,10,0,363,378,429,445,463,365,406,398,360,416,527,423,253,214,436,467,259,271,392,309,282,210
0.29412346650082977,11,1,366,423,408,414,328,433,375,347,333,462,460,451,283,624,222,297,435,434,331,633,406,547
0.7312851870632225,11,1,438,422,452,456,292,273,502,458,392,349,447,302,454,529,303,452,446,372,358,526,388,365
0.5182777768355251,11,1,403,430,460,496,208,464,424,434,377,504,561,468,281,473,361,438,487,441,512,454,623,454
0.07149643098776792,11,0,350,322,337,270,409,194,421,129,385,201,342,494,266,190,429,255,453,442,486,409,321,279
0.31168473213118053,11,0,374,355,471,164,501,294,404,425,495,435,478,371,363,265,432,336,255,225,286,336,450,349
0.9363626801393855,11,0,451,321,462,203,574,553,442,336,418,405,198,214,584,278,378,282,456,315,281,345,496,271
0.23994654688072015,10,0,358,381,268,443,486,395,403,582,319,209,326,419,358,310,208,409,388,521,568,323,353,429
0.5933279754651942,11,1,416,429,391,539,540,480,462,448,410,366,531,368,386,141,395,375,381,360,417,481,499,599
0.012642797042931031,11,0,344,314,230,275,445,206,445,405,301,209,371,245,195,382,245,380,360,380,537,316,262,223
0.5849893273648467,11,0,414,367,370,347,480,417,379,420,319,514,512,429,498,385,298,541,490,436,367,299,420,444
0.3780160744876624,10,1,381,437,501,218,351,448,300,660,352,458,382,593,494,493,285,581,379,482,454,409,273,559
0.2746752565876107,11,1,363,422,427,468,375,564,348,417,156,174,438,537,508,367,172,394,403,506,426,642,185,582
0.16070714015453746,11,1,346,412,274,515,569,446,181,454,402,428,345,339,339,328,598,664,342,403,282,484,304,390
0.11509473677286075,11,0,354,328,312,435,411,261,394,331,332,238,507,201,394,416,375,252,463,314,436,336,337,256
0.2572398771736737,10,0,360,379,512,351,316,435,489,427,465,487,420,242,384,285,383,376,425,350,341,406,335,454
0.6269403270724386,11,1,421,427,513,513,439,455,233,407,433,627,308,316,517,485,288,615,429,406,413,224,253,515
0.33745081377415054,11,1,373,426,317,486,314,290,388,427,292,467,380,371,416,387,248,349,408,432,481,329,340,387
0.12751803580516707,10,1,355,471,398,279,406,374,347,659,393,438,491,592,343,551,351,440,490,539,478,602,476,481
0.9994919225132279,10,1,457,488,302,537,392,388,470,336,498,376,427,659,603,445,510,438,299,541,306,442,436,519
0.4466214663943354,11,1,391,430,449,471,473,458,226,466,456,256,355,465,446,612,632,447,295,409,381,358,209,529
0.3552001903916353,10,0,376,373,340,466,311,420,385,471,204,302,242,338,364,345,193,493,169,278,550,410,191,439
0.7815631709433425,11,1,446,418,488,477,510,363,498,337,492,403,624,550,383,163,338,424,429,247,283,204,400,512
0.7289713342333978,11,0,430,349,541,272,517,253,402,457,225,268,466,475,393,312,555,344,509,181,419,639,491,335
0.5100842292434379,11,0,402,370,486,445,575,237,349,295,237,337,185,343,376,423,357,321,344,453,261,328,373,436
0.5198060819094501,10,0,403,370,434,248,326,434,248,291,455,294,341,396,302,420,432,233,269,321,250,211,441,258
0.3241460298148444,11,0,375,356,361,442,407,360,451,339,380,458,502,332,523,432,289,390,404,135,517,362,339,185
0.38328180765137665,11,1,380,428,289,552,468,468,333,445,438,522,379,436,222,388,240,590,238,560,258,457,475,560
0.8341845546497948,11,1,453,413,413,439,585,540,519,320,579,487,507,525,518,569,412,513,393,349,445,233,403,441
0.7471877580277327,11,1,440,420,584,474,641,449,187,218,421,464,584,492,458,360,290,372,213,378,434,401,475,539
0.8894101417830116,10,1,446,473,335,464,253,489,395,470,462,406,321,576,433,506,359,569,566,468,435,331,207,465
0.7047200349931833,11,0,428,352,291,411,242,309,314,349,406,570,421,305,420,161,327,430,354,303,584,156,388,371
0.011367893442309707,10,0,328,406,285,403,391,393,526,247,448,388,287,442,370,344,389,396,322,344,302,188,370,371
0.4658303248862855,10,0,394,370,385,305,498,213,451,129,344,313,477,365,374,401,369,411,303,448,87,336,323,344
0.5022881513884065,11,0,400,370,397,413,202,294,322,502,478,372,333,416,296,408,381,398,338,347,419,322,212,357
0.2678209030119788,11,1,362,422,349,289,468,460,559,532,431,371,502,189,331,463,439,286,478,529,517,469,429,432
0.02029747215760147,11,0,345,315,380,315,185,485,255,213,472,220,496,273,289,354,300,81,419,353,356,352,186,97
0.7196948204146777,10,1,430,450,349,477,251,292,554,350,450,383,602,521,368,485,397,603,381,610,335,406,350,454
0.3992791941832269,10,1,384,435,147,166,222,268,255,231,295,647,427,452,249,466,313,322,357,373,275,519,494,229
0.5740491737419023,10,1,412,433,415,380,420,460,370,693,507,355,566,470,528,336,359,450,453,403,344,365,388,448
0.07094391906291364,10,1,350,478,147,373,411,492,396,409,466,568,327,441,349,560,294,511,206,524,368,505,378,433
0.0462230299760481,10,1,347,482,368,583,475,558,265,314,280,490,424,432,439,561,291,532,282,409,441,286,335,587
0.9528570865391432,10,1,453,482,485,459,545,509,417,324,574,613,525,460,436,521,451,475,538,567,410,374,495,371
0.9180465874267478,11,1,464,403,349,354,343,428,428,314,540,424,390,468,450,551,659,463,495,466,366,290,439,385
0.22998660106213686,11,0,365,343,339,274,320,351,453,342,404,241,346,388,433,281,429,323,409,336,345,345,284,300
0.5235133652185117,11,0,404,370,641,476,397,414,443,437,450,413,446,316,285,361,170,591,347,343,358,426,448,368
0.6911054000058447,10,1,427,446,492,573,341,300,466,582,497,521,536,316,455,443,236,383,410,356,422,439,472,330
0.08797283641356834,11,0,351,324,244,231,499,379,315,356,442,394,383,198,473,170,342,293,420,330,329,378,537,286
0.22021447127619687,10,1,364,458,393,495,366,341,513,423,499,338,517,481,521,520,413,396,436,452,274,465,305,548
0.5145176889703729,11,1,402,430,446,318,413,392,557,443,629,310,384,583,283,284,400,353,445,502,419,435,404,330
0.8153739677792353,11,0,439,337,428,326,298,441,342,320,340,241,333,441,299,403,532,446,346,484,279,368,558,419
0.8156130239687316,10,0,450,385,559,542,466,443,543,516,437,369,382,309,503,427,445,197,326,393,342,445,424,445
0.7429373992930394,11,1,440,421,431,532,316,452,329,262,198,357,182,400,376,421,541,275,352,436,445,584,453,381
0.7503696652108027,11,1,441,420,419,311,471,548,407,334,600,484,335,365,308,342,342,461,385,476,576,456,491,458
0.006108720544909296,10,1,343,487,215,464,347,426,392,392,292,583,231,633,313,515,118,459,335,612,266,464,289,475
0.22177494216380889,11,0,365,342,274,201,325,350,287,312,252,375,381,303,324,325,289,381,346,406,389,249,349,516
0.6868876138481672,11,1,431,424,604,234,553,362,610,532,517,307,295,311,454,482,517,275,406,428,435,498,441,426
0.9988460638021686,11,1,473,393,299,431,489,300,429,340,428,291,603,364,563,360,485,469,571,350,338,311,238,473
0.1841938731570517,10,0,350,385,197,497,268,480,218,262,220,314,366,328,218,237,391,397,392,410,307,311,515,449
0.3089882428152064,11,0,373,354,258,400,483,421,596,366,575,412,389,323,123,256,351,516,340,447,374,315,587,472
0.10196916697318836,11,1,339,406,233,484,357,426,276,429,303,367,282,317,360,336,195,402,273,410,402,403,252,305
0.40812403796911456,10,1,385,434,453,417,594,292,355,690,240,303,369,490,501,535,458,514,392,469,283,385,659,287
0.3150276552926895,10,0,369,375,372,254,447,281,455,285,355,245,556,325,461,353,428,428,204,411,498,342,494,348
0.19683943987681607,10,1,362,461,276,400,447,414,360,568,343,343,123,345,418,273,336,299,361,496,428,444,447,673
0.2377216168822297,10,1,366,455,325,420,364,412,231,550,374,532,414,493,430,416,193,391,356,488,140,596,456,573
0.8726946965542303,10,0,458,391,561,341,433,542,507,265,478,386,324,279,415,410,464,569,640,545,535,350,531,446
0.4732475588039563,10,0,395,370,477,405,442,443,337,503,311,17,563,370,511,498,436,178,263,455,244,478,461,345
0.21755213251336925,10,1,364,458,488,539,490,314,432,454,291,608,373,405,251,554,317,492,490,552,408,362,496,456
0.5798446255485568,11,1,413,429,511,502,465,284,507,523,539,637,463,383,361,529,468,430,398,354,512,435,308,344
0.9319585292196058,11,1,465,402,605,396,552,461,356,538,584,427,499,410,227,292,477,339,488,395,295,334,505,309
0.5379102234689442,11,1,406,430,405,470,498,390,402,209,384,647,525,439,382,249,256,490,483,514,387,458,575,130
0.7886694951882928,11,0,436,341,323,461,530,104,329,291,431,291,441,408,485,367,307,445,499,402,479,250,306,221
0.816947133442313,11,0,439,337,490,332,401,322,285,296,556,572,529,454,523,387,356,269,435,439,467,151,507,469
0.17422984991337498,11,0,360,336,340,510,261,227,262,297,113,322,358,465,400,199,235,228,350,273,199,234,285,313
0.07136266286077286,10,0,335,398,281,429,423,263,366,366,237,200,394,295,201,356,355,487,265,505,581,373,481,344
0.7758332381449222,11,0,435,343,189,359,405,314,404,474,457,317,603,182,476,343,419,253,426,515,243,240,385,229
0.43771739132018306,11,1,389,429,338,352,316,231,632,595,252,355,396,269,457,348,441,418,378,336,420,496,472,405
0.3395416818170879,11,0,376,358,490,281,508,460,498,470,291,352,456,377,335,497,438,266,526,326,638,278,303,317
0.20836875739135519,11,1,353,417,421,392,262,261,341,495,236,442,393,363,602,216,311,358,261,359,452,437,318,503
0.32239486940027107,10,0,370,375,239,279,326,486,341,376,624,336,349,364,440,544,427,352,258,596,166,362,490,515
0.3511122346531581,10,1,378,440,491,177,545,532,363,288,131,536,182,507,470,580,290,468,406,455,371,460,369,394
0.08873924948120127,10,0,337,396,446,493,385,404,263,394,251,220,326,714,447,379,335,470,150,274,211,279,414,488
0.3641396672430637,11,1,377,427,456,330,442,419,238,412,376,347,442,439,321,243,318,438,393,405,380,583,388,390
0.06842291113674726,11,0,349,321,209,216,216,350,316,95,441,383,202,299,534,369,420,332,380,494,396,319,486,270
0.06189876774621872,10,1,349,480,218,558,397,594,428,354,374,466,601,405,277,278,413,492,205,476,363,484,369,460
0.5813125777509912,11,0,413,367,565,406,451,250,465,336,382,351,573,517,353,252,350,476,372,382,442,372,439,318
0.9266268144897201,10,1,450,478,399,525,442,596,571,456,490,471,477,448,469,612,492,402,596,502,411,567,426,534
0.25957537529352503,10,0,361,379,234,395,268,402,293,304,346,412,198,509,405,493,252,475,445,515,419,414,556,468
0.819561117843615,10,0,451,386,497,400,366,427,324,375,597,427,220,227,541,584,438,229,393,384,281,459,516,339
0.08928357983007695,10,1,351,476,396,439,457,506,360,418,397,287,595,433,357,346,363,620,414,417,381,500,408,429
0.4185654032893483,10,1,387,433,536,466,376,544,354,396,476,302,404,315,336,583,227,426,398,514,352,557,292,581
0.2536533562120721,11,1,360,420,499,357,501,441,481,556,349,590,410,512,181,257,320,300,435,344,518,336,250,504
0.31088271017956604,11,0,373,355,464,420,337,251,400,479,336,475,284,299,568,294,154,323,412,366,583,221,404,511
0.6348306194928293,11,1,423,427,459,419,359,404,515,445,376,510,511,369,390,467,478,483,347,638,358,334,476,335
0.9092860916719497,10,0,463,395,520,423,425,397,446,489,470,222,449,359,292,401,365,363,477,369,457,356,421,407
0.09102481016817587,10,0,337,395,363,467,561,194,404,284,259,261,432,228,229,150,305,424,264,425,229,409,306,312
0.33940645186592044,11,0,376,358,435,437,425,330,173,397,478,539,327,348,440,342,190,197,311,430,349,297,401,480
0.7495945958202845,10,0,441,380,357,381,496,291,488,442,593,350,579,309,358,542,397,364,302,315,512,313,429,379
0.3581261753177125,10,0,376,373,234,231,471,371,547,505,488,350,216,255,585,376,398,116,344,453,495,373,560,278
0.5676694595039578,10,0,411,371,264,420,403,479,456,369,313,381,454,172,502,323,378,522,574,363,589,455,525,593
0.8861908667192891,10,0,460,393,464,472,259,443,449,506,562,539,536,406,482,446,580,315,490,550,385,477,412,591
0.534109694690218,10,0,406,370,525,176,561,445,404,315,735,304,370,309,328,420,383,343,441,434,357,327,455,259
0.9586566172554143,11,0,453,318,365,282,494,263,425,377,397,160,461,183,383,308,418,279,209,437,439,269,451,349
0.824009690015603,11,0,440,336,378,534,401,370,505,232,278,349,327,267,414,362,231,354,557,343,488,457,448,315
0.14183155337707087,10,1,357,469,379,552,261,316,337,553,278,567,551,457,447,329,299,465,402,707,264,298,332,465
0.31099466589420943,11,1,369,424,409,683,267,508,537,421,349,350,326,339,305,557,411,183,334,361,376,507,393,533
0.3770553693866595,11,0,381,363,218,371,317,211,408,477,446,477,431,191,500,247,491,216,369,278,320,352,375,282
0.10637965787176829,11,0,353,326,331,436,382,332,441,472,437,321,360,330,358,264,546,341,322,310,310,436,252,523
0.6028817449993121,11,1,417,428,393,401,389,359,437,414,280,354,283,500,528,590,193,462,447,325,377,432,572,469
0.619770084305143,10,1,419,437,409,728,696,629,317,394,407,332,484,316,609,396,501,428,371,497,346,644,405,554
0.20344569548627522,10,1,363,460,346,563,462,438,414,534,295,381,376,343,415,701,454,506,376,499,413,632,284,408
0.5995043411827815,10,1,416,435,425,220,348,421,533,449,243,528,521,468,358,250,539,335,396,379,473,492,424,397
0.053318934044711996,10,0,333,400,176,312,455,338,283,395,500,673,379,445,264,481,193,619,367,496,301,378,216,301
0.8443487023529033,11,1,454,412,368,348,399,443,522,361,552,481,471,557,511,408,659,264,350,400,515,460,233,299
0.22380645312022396,11,0,365,343,309,233,342,212,342,370,395,284,360,314,329,414,337,182,267,418,260,485,388,313
0.39607699672169916,10,1,383,435,495,169,407,457,388,777,417,562,466,576,311,467,427,288,337,239,474,561,336,447
0.5354022896847713,10,1,406,431,397,547,462,553,409,225,383,546,320,367,349,429,375,486,362,419,436,568,536,563
0.45753632476790596,10,0,393,370,360,507,492,466,72,566,396,412,186,252,207,505,516,340,295,329,472,227,430,431
0.5363342842273104,10,0,406,370,392,352,270,444,575,452,391,617,524,454,321,336,399,318,386,339,386,394,344,504
0.24958007324253884,11,1,359,420,463,487,227,347,310,373,248,262,170,356,262,420,277,428,210,452,160,490,447,421
0.055452674266316726,11,1,333,400,388,413,345,435,502,648,386,478,263,405,447,451,472,539,364,437,345,250,446,459
0.23216787367478486,10,1,366,456,294,378,204,210,366,297,260,506,271,482,236,484,264,420,353,394,337,579,523,479
0.6887999920337969,10,0,431,376,315,319,515,439,496,276,366,422,513,414,419,565,408,310,497,523,264,281,334,324
0.44495637381898057,11,0,391,369,305,304,277,353,465,326,220,325,340,638,344,345,413,515,454,480,371,207,463,393
0.521955905675981,10,1,404,430,485,562,374,435,365,279,513,339,395,577,408,351,404,299,357,428,210,376,375,363
0.060342451535710606,10,0,334,399,231,383,349,231,319,271,344,342,425,552,284,535,348,493,395,461,307,410,197,323
0.09434472578615238,10,0,338,395,398,415,205,333,268,442,450,419,303,442,237,180,250,313,315,464,346,404,138,208
