TrueLocationParameter,Configuration,TrueModelUpDown,TrueLocationP,TrueLocationQ,P0,Q0,P1,Q1,P2,Q2,P3,Q3,P4,Q4,P5,Q5,P6,Q6,P7,Q7,P8,Q8,P9,Q9
0.5925950163157323,11,0,415,366,318,264,423,265,583,312,482,305,402,264,494,400,455,212,213,314,351,345,416,294
0.8281184619666443,10,0,452,387,282,427,627,435,587,294,551,372,438,412,593,538,420,370,475,367,384,244,624,448
0.21579475519320213,11,0,364,342,95,435,346,250,437,429,449,279,525,419,363,219,218,307,318,196,474,344,396,316
0.40329281513506066,10,0,384,371,540,396,483,386,497,361,513,309,261,378,644,422,279,347,490,96,493,365,302,345
0.8798919818314281,11,1,459,408,519,511,510,565,649,488,559,328,443,477,570,375,439,423,441,508,185,439,460,524
0.88719914259632,11,1,460,407,479,481,587,496,322,444,343,312,432,488,481,512,353,476,395,505,353,566,538,247
0.8034616553610138,11,1,449,416,334,316,470,449,558,498,485,400,348,304,502,449,597,458,277,611,643,685,524,551
0.260053294525344,11,1,361,421,429,302,379,375,349,310,383,340,378,525,334,361,312,459,368,589,140,296,412,500
0.10995972327796966,11,0,353,327,277,331,439,426,314,140,303,201,284,488,361,407,344,240,361,273,325,367,240,496
0.7128924919487499,11,0,429,351,442,518,352,272,551,357,372,275,307,244,484,332,656,497,523,345,307,361,557,388
0.9227477869860171,10,0,464,397,502,410,486,403,634,395,374,368,432,246,502,423,222,331,224,252,482,387,347,399
0.06308141469324191,11,1,334,401,411,369,345,477,251,375,473,290,348,384,426,242,405,478,387,238,218,413,407,422
0.8473921444472666,11,0,442,333,530,227,498,510,348,410,588,240,406,239,511,508,358,309,607,511,336,443,325,245
0.30922997450195955,11,0,373,354,457,218,362,274,402,269,436,397,148,453,574,201,349,324,242,310,30,199,351,441
0.3941982846329737,11,0,383,365,448,244,490,557,424,353,546,245,228,277,517,320,439,304,420,157,392,403,392,196
0.9025191987798247,10,1,448,475,474,461,572,212,409,493,541,321,626,599,551,516,394,490,528,443,430,528,483,425
0.8884948841405836,10,0,460,393,521,467,569,482,570,485,415,387,442,455,474,376,335,457,608,354,588,397,489,457
0.2372356720730997,10,1,366,456,249,631,544,601,240,408,314,533,426,463,352,433,538,375,266,262,438,445,367,373
0.7106409930757115,10,1,429,448,446,492,381,504,455,378,536,416,560,482,640,391,501,429,452,424,391,450,485,183
0.7666744321514379,10,1,434,456,467,475,533,446,471,488,409,394,575,507,260,592,391,315,418,443,445,638,373,331
0.4444390527448522,11,1,391,430,472,692,381,363,404,436,378,363,545,530,493,513,429,625,432,227,461,337,461,484
0.7230625539803988,11,1,437,422,447,527,406,424,311,467,514,311,432,470,530,548,410,414,434,444,582,307,316,399
0.3055867453133664,11,0,373,354,236,393,186,430,285,369,319,417,389,473,439,461,349,244,576,302,141,468,335,430
0.6335287627588357,11,1,422,427,483,560,390,515,520,367,353,304,358,427,386,542,385,324,443,299,349,388,340,458
0.656577156622355,11,1,426,426,283,361,255,383,278,325,366,477,301,625,720,574,568,507,486,400,412,357,547,385
0.8471474383601757,11,1,455,411,448,488,469,538,668,372,650,370,371,489,424,441,238,351,434,362,448,506,571,583
0.794699383981086,10,0,447,384,407,397,390,450,355,519,458,305,336,411,452,251,465,394,408,400,427,354,313,263
0.007061779427881998,10,1,343,487,517,245,394,367,189,633,278,487,414,434,328,444,441,297,225,396,411,382,389,423
0.033709970049608184,11,1,331,397,394,534,330,149,254,430,332,583,341,298,252,334,266,459,261,424,352,348,210,375
0.8470666227374158,10,1,442,467,553,489,666,585,519,451,501,415,507,664,422,378,356,331,471,469,511,407,416,425
0.7031842021807911,11,0,428,353,283,411,578,270,397,467,443,248,435,242,446,307,401,203,388,286,513,222,411,382
0.6187219844464924,11,1,420,428,528,487,418,455,400,478,677,359,483,377,460,273,545,539,436,268,494,478,445,390
0.2759597773114236,11,0,370,350,343,256,380,411,349,510,328,308,356,325,388,465,331,273,415,352,369,381,330,275
0.8657196133982216,11,0,444,330,433,119,435,331,587,318,410,461,625,298,571,416,423,313,413,380,203,290,504,385
0.30866216307244443,11,0,373,354,451,489,312,302,411,445,420,261,449,133,345,484,131,393,274,367,250,499,247,250
0.7448337915422274,10,0,440,379,426,365,400,453,398,430,285,262,718,149,324,361,401,483,569,284,401,288,544,402
0.7725077945802196,11,1,444,418,361,246,380,351,475,427,529,441,411,492,567,473,491,412,427,330,401,411,386,412
0.5241013712300714,10,1,404,430,502,349,315,417,434,337,322,493,278,223,592,574,523,414,423,478,126,169,372,574
0.2881404673346224,10,0,365,377,413,449,262,180,341,316,251,516,256,306,376,398,328,171,251,337,318,516,347,401
0.7674066992012843,10,1,434,456,510,436,677,323,463,490,454,545,467,351,481,690,542,532,383,438,333,632,379,406
0.9215177694471213,11,0,450,323,390,343,544,511,504,131,371,348,559,414,389,400,420,128,436,294,358,461,500,299
0.956398416359488,11,0,453,318,390,504,484,536,420,301,646,345,338,241,631,405,504,353,470,239,470,403,350,514
0.05989941693139167,10,0,334,399,205,322,267,373,155,646,455,430,296,718,148,357,253,222,464,413,169,517,380,409
0.09871510292919394,10,0,338,395,255,465,334,348,269,374,310,423,442,455,403,460,314,297,394,341,230,394,431,360
0.29737195629719904,10,0,366,376,206,297,332,389,437,341,141,165,442,286,407,483,426,231,537,480,308,210,424,353
0.6169393471468836,11,1,420,428,555,460,520,559,458,625,366,502,402,589,597,511,451,258,464,538,394,582,457,515
0.20982526686510716,11,1,353,417,147,426,296,405,353,492,278,461,511,508,310,248,267,199,388,315,464,476,345,322
0.9133488596284721,10,0,463,396,523,422,461,420,498,398,528,409,479,350,344,453,557,316,578,342,407,395,527,348
0.3859645644877835,10,0,381,372,349,253,412,198,350,335,308,478,421,530,346,427,413,430,376,218,467,463,222,393
0.24023905604817508,11,0,366,345,511,208,429,410,376,386,220,376,464,275,296,348,412,251,218,414,393,322,401,379
0.543219824870078,10,0,407,370,499,534,549,284,325,404,511,357,410,343,382,210,364,383,358,380,518,320,176,373
0.8467741133618037,10,0,455,389,405,189,496,318,476,434,591,306,472,458,350,473,536,378,359,524,456,363,594,429
0.12271989095199543,11,1,341,408,379,485,324,280,254,191,537,472,295,478,280,361,456,296,199,599,458,437,182,539
0.7882783515119328,11,1,447,417,423,197,401,379,643,395,386,434,267,375,498,512,513,487,439,286,408,383,306,455
0.6312529914569261,11,1,422,427,457,405,509,427,471,534,482,456,481,405,171,466,353,348,521,635,537,371,488,353
0.06985641423248345,10,0,335,398,384,366,291,320,307,610,406,390,319,381,441,371,232,534,305,490,353,370,236,439
0.9516120807657487,10,1,453,481,257,367,436,457,493,613,538,416,489,606,504,468,467,457,309,377,520,572,411,607
0.39046520828718834,11,1,382,428,438,290,196,505,331,411,205,720,529,289,470,377,386,399,468,318,558,396,107,394
0.19158733857460952,11,0,362,338,370,376,357,318,188,170,392,440,423,387,327,402,597,467,438,480,572,402,490,335
0.6985026854221882,10,1,427,447,359,389,358,375,421,461,428,489,257,385,443,368,353,519,519,356,424,613,499,525
0.6598293982059423,11,0,424,359,315,362,344,401,442,532,436,500,357,367,549,293,366,306,417,301,495,156,375,376
0.9209661534426196,11,1,464,403,314,406,492,338,477,304,338,619,584,424,448,515,514,514,544,515,538,518,567,372
0.4746484645104847,10,0,396,370,135,368,312,252,482,304,435,312,367,455,289,385,356,457,305,333,317,542,384,445
0.22867785320159606,10,0,356,382,384,428,373,435,405,392,403,553,364,292,301,274,209,143,398,323,334,580,408,317
0.475842049418289,11,1,396,430,521,502,331,425,406,353,423,382,350,382,519,407,250,365,619,177,424,499,413,325
0.7376396137463261,10,0,439,379,480,317,420,272,444,319,541,447,247,552,501,69,463,280,497,633,494,280,474,427
0.844661226397155,11,0,442,333,584,326,460,254,741,106,462,244,430,298,475,227,537,349,572,306,432,444,584,457
0.8850060600596741,10,0,460,393,490,200,437,438,505,275,442,363,442,399,431,488,620,445,355,473,533,507,511,119
0.3572809955954759,11,1,376,427,256,635,396,577,438,365,377,474,533,574,419,351,213,581,413,214,222,512,509,373
0.18595334897361004,11,0,361,337,246,254,317,386,370,272,390,378,478,352,418,411,342,415,490,313,133,331,270,347
0.24755387444423171,10,1,367,454,373,426,431,381,434,487,387,442,346,567,417,371,292,421,329,556,371,531,499,565
0.7010945310537713,11,0,428,353,324,332,428,493,429,157,533,460,463,353,333,258,442,295,593,355,448,472,540,357
0.09997942332806475,11,1,338,406,236,310,400,336,369,513,370,244,222,402,281,545,408,490,530,484,186,455,367,681
0.42056291537589185,10,1,387,433,300,641,365,411,352,556,420,203,604,365,417,626,501,474,448,319,363,570,246,434
0.6566885356657597,11,1,426,426,473,577,482,407,440,417,410,516,518,530,578,501,515,444,568,274,585,342,284,417
0.03550373295097209,11,0,346,317,301,389,418,265,468,263,412,287,323,433,337,343,528,551,433,185,313,335,174,361
0.3205926959504678,11,0,374,356,346,286,283,475,421,357,445,269,311,411,329,296,318,387,367,229,298,300,385,391
0.4514049414604493,11,1,392,430,477,430,213,408,516,334,362,495,414,374,321,262,356,568,456,537,533,345,536,384
0.35617656732944514,10,0,376,373,278,412,316,217,338,309,492,316,312,441,423,600,322,218,361,405,526,398,332,477
0.1992020320248964,10,0,352,384,312,403,395,261,337,421,345,173,193,472,476,468,488,436,262,274,274,490,245,355
0.5210784011116351,11,1,404,430,397,247,292,383,384,433,302,372,336,389,253,742,445,400,356,575,550,298,263,549
0.29776753321961036,11,1,367,424,209,389,274,628,381,332,479,273,307,483,302,420,393,483,332,442,261,432,354,296
0.4587108821347373,10,1,393,431,372,417,463,380,469,383,390,354,392,432,399,483,391,405,293,456,517,364,364,420
0.32291015474565676,10,1,375,444,491,504,501,548,192,461,432,453,361,541,321,392,398,527,378,301,454,356,466,470
0.09772900385604977,11,0,352,325,430,182,352,427,254,477,400,257,190,325,511,379,243,255,390,202,479,366,438,259
0.9340570920034461,11,1,466,402,566,225,367,316,650,269,448,267,435,386,674,458,663,461,663,488,566,435,581,287
0.15497332237746486,10,1,358,467,437,615,505,319,440,444,326,398,418,339,321,476,329,431,522,467,299,358,467,334
0.8503265701359467,10,1,443,468,356,557,397,382,461,588,414,475,554,309,266,326,552,658,381,546,434,621,409,552
0.9590509093010796,11,1,469,398,554,611,662,395,427,496,463,399,447,465,537,457,479,495,540,347,429,526,305,463
0.7054279417741665,11,0,428,352,512,446,595,477,538,359,379,259,514,341,381,425,512,254,508,432,466,407,715,373
0.6687731575571436,10,1,424,443,382,420,300,412,391,334,382,426,326,322,506,392,498,495,359,487,462,429,590,425
0.029557749773924447,10,0,330,403,556,312,277,449,306,358,403,396,280,447,410,397,390,433,183,205,505,367,304,599
0.9152022338266057,11,1,463,404,494,271,517,418,424,501,368,487,413,503,385,388,648,315,504,298,234,579,495,447
0.633190812360876,11,1,422,427,359,442,469,381,444,398,430,314,407,445,575,471,458,493,520,407,407,323,376,415
0.07755036264351978,11,0,350,323,220,413,315,188,511,330,301,550,190,168,390,437,303,322,449,283,539,373,340,223
0.25897291980645476,10,1,368,453,546,729,237,448,394,453,272,301,428,617,655,433,325,433,319,384,426,692,330,320
0.3691068596472866,11,0,380,362,481,397,435,431,421,307,518,478,234,354,339,368,370,310,416,430,193,350,289,339
0.14430968915164633,10,0,344,389,113,475,327,326,199,176,406,508,309,546,474,254,302,344,425,336,337,487,323,542
0.7613427019165714,11,1,443,419,266,242,365,416,355,461,363,497,372,422,542,362,362,315,430,255,266,365,361,439
0.7816251840003308,10,0,446,382,579,226,464,405,493,301,424,447,582,371,412,343,483,456,363,352,386,328,414,470
0.21143569546917196,11,0,364,341,343,265,199,459,473,244,434,166,304,282,393,366,361,246,315,341,457,281,247,397
0.7028562309092456,11,1,434,424,255,329,515,446,498,460,619,350,466,568,511,298,522,468,312,363,454,599,450,167
0.33000390366951426,10,0,372,375,226,357,438,417,157,533,377,404,275,304,368,405,304,393,546,305,398,520,300,305
0.7228141123115532,11,0,430,350,525,358,280,448,402,341,534,364,430,384,314,385,400,389,595,246,490,368,542,181
0.011671173511119681,10,1,344,487,421,473,321,544,473,363,388,234,309,496,247,455,514,542,160,586,325,540,422,268
0.6466370267873434,10,1,422,440,446,425,589,363,578,388,461,370,520,445,526,380,335,358,251,434,386,690,294,362
0.33254986977278544,11,1,372,426,475,623,228,458,294,647,488,463,317,425,395,400,386,514,340,197,610,376,98,516
0.7229583535436825,11,0,430,350,327,518,445,233,399,184,534,375,477,377,288,454,490,411,393,300,358,349,318,483
0.7533759529653026,11,1,441,420,477,215,364,595,324,504,443,264,376,429,358,637,461,407,440,438,328,516,559,445
0.3834775411208352,11,0,382,364,377,295,381,254,382,365,470,581,366,442,272,469,358,206,438,444,410,230,295,435
0.23629928119756283,11,1,357,419,502,562,419,554,520,427,206,291,376,438,253,223,521,455,383,430,285,349,446,475
0.9059659807108411,11,0,448,325,448,321,385,228,414,368,461,391,490,272,457,280,274,322,410,195,567,480,581,333
0.04279292552655767,10,0,332,401,295,525,441,377,409,347,572,273,223,381,282,401,295,524,462,453,311,595,429,132
0.6706584899685901,11,1,428,425,442,527,538,478,563,473,386,349,410,403,396,483,524,515,652,456,383,440,549,442
0.6860575892413392,11,1,431,425,366,507,376,250,577,364,492,438,376,134,454,291,671,514,538,437,327,543,464,326
0.4552069225175045,11,0,392,369,357,303,328,536,505,514,419,322,289,463,385,363,474,507,498,350,282,481,554,312
0.5861791847867054,10,0,415,371,414,499,356,534,314,420,663,359,384,261,423,610,311,392,305,368,395,468,343,575
0.5500766427608945,11,0,408,369,145,194,357,286,369,351,491,576,254,402,200,386,337,329,408,300,554,265,322,379
0.35658218979901213,10,1,378,439,318,519,420,476,525,345,572,446,496,551,371,427,477,352,380,438,462,525,326,401
0.2599564612286074,10,1,368,452,401,518,527,409,370,318,310,398,491,344,510,344,415,540,471,697,304,442,493,401
0.5298153222640202,11,1,405,430,250,689,161,413,331,381,608,514,476,382,438,528,459,508,203,510,319,358,513,478
0.25176454746420296,10,0,359,380,342,353,523,355,302,303,324,534,516,329,391,275,385,275,299,356,203,354,371,234
0.9633001492719967,10,1,454,483,544,536,290,524,356,470,591,650,449,355,455,511,529,483,393,455,569,571,530,543
0.8129019357509704,11,0,439,338,384,310,363,341,546,268,475,379,489,285,449,404,498,380,332,248,409,162,440,292
0.8196841760929762,10,0,451,386,394,361,499,547,402,270,587,268,388,545,453,239,561,418,456,420,451,313,375,258
0.7408899215544403,10,0,439,379,306,392,414,535,461,386,660,206,420,359,571,369,391,389,488,471,408,331,396,433
0.8034186793257129,11,1,449,416,527,458,599,415,471,437,443,276,565,283,604,551,500,538,397,314,522,409,487,467
0.4112326107220805,11,1,385,429,216,425,498,538,417,494,349,431,537,338,78,255,348,321,396,460,366,528,260,450
0.6932606941038993,10,0,432,376,462,292,573,399,456,538,395,401,363,420,472,438,549,322,414,423,313,369,298,350
0.0022428202955318,10,0,327,407,254,286,294,304,272,338,271,370,438,510,402,361,513,471,241,309,201,641,472,100
0.7481241613310916,11,0,432,346,488,575,431,356,420,420,119,387,454,306,327,467,406,475,289,267,330,314,469,455
0.7094850565782469,10,1,429,448,462,481,555,478,465,430,417,481,513,431,530,357,604,471,577,513,315,385,357,414
0.8320199099598329,11,1,453,413,308,303,554,244,373,503,363,513,333,388,305,352,447,280,523,468,533,143,425,570
0.7468214665744912,11,1,440,420,605,372,389,559,390,347,297,264,432,417,353,358,373,436,364,400,595,385,395,490
0.37871800893064755,11,1,380,428,363,462,299,454,317,410,472,550,429,302,173,308,250,566,408,367,406,332,347,424
0.6665696194986538,11,0,424,358,379,466,191,266,266,209,361,432,319,438,335,278,450,278,395,385,397,342,402,354
0.9658671763792046,11,1,469,397,461,440,322,280,526,272,486,340,476,335,648,369,477,244,367,467,546,494,519,389
0.35330258998084363,11,1,375,427,375,417,180,370,388,358,404,242,177,340,634,374,198,493,565,389,520,304,338,685
0.5664747103282683,11,1,411,429,283,395,382,464,505,736,388,492,441,520,562,314,494,433,363,418,276,452,479,638
0.7208307652096666,11,1,436,422,418,470,537,353,541,520,482,519,310,402,498,454,475,634,600,405,522,437,239,471
0.153027721123692,10,1,358,467,400,243,425,416,462,477,347,579,423,403,415,488,510,394,472,452,245,387,346,540
0.3156008404101407,11,0,374,355,389,365,403,289,595,353,337,140,240,449,474,247,329,388,236,401,687,335,291,308
0.09188373680319839,10,0,337,395,300,303,430,291,301,164,384,537,315,251,334,279,449,464,253,456,308,556,277,434
0.8184928494903092,10,0,451,386,549,367,319,385,504,457,501,229,450,495,344,507,308,444,342,437,466,527,254,326
0.6539511459738891,10,1,423,441,480,536,515,519,437,320,503,458,379,496,537,434,632,347,468,474,413,470,277,595
0.7214139889458304,11,0,430,350,465,345,424,237,381,302,564,348,371,262,511,231,370,394,472,240,310,371,365,437
0.19562772084140279,11,1,351,416,345,180,472,216,405,118,286,526,380,468,553,419,490,463,488,462,216,558,398,326
0.95835202923901,11,1,468,398,689,483,619,337,465,253,513,298,453,511,492,501,335,471,419,406,462,341,396,404
0.4498058303326603,11,1,391,430,487,207,280,465,419,470,218,404,403,388,265,449,538,462,466,419,593,466,393,296
0.4382806853338308,10,1,390,432,357,504,467,467,548,411,371,174,287,462,351,294,355,499,205,370,290,415,352,642
0.2968138274437646,11,0,372,353,265,348,441,302,364,276,392,349,562,355,295,362,416,345,508,470,237,539,606,300
0.07722346484694409,11,1,336,403,484,344,503,170,403,394,422,314,333,574,391,328,388,429,174,613,239,412,318,353
0.3643756721112229,11,0,379,362,395,379,410,424,565,447,276,280,487,152,285,197,264,371,263,314,284,314,285,330
0.43819102045732716,10,1,390,432,455,436,393,445,294,655,441,490,277,419,513,253,507,329,378,416,412,437,335,404
0.19204373348277348,11,0,362,338,425,256,382,396,376,422,438,370,241,297,333,213,508,345,361,387,448,417,401,225
0.10187919007241797,10,0,339,394,371,343,417,210,461,487,339,338,288,217,276,206,378,337,433,405,269,314,377,290
0.28168865064561754,10,1,371,449,218,429,464,518,358,375,429,449,397,477,277,521,286,375,322,468,592,396,403,486
0.5419883529152462,10,0,407,370,583,374,342,468,263,349,467,393,318,302,385,362,395,216,226,220,363,327,308,126
0.6480850113037837,10,0,425,373,569,334,309,530,326,359,440,586,345,503,325,424,490,421,379,419,330,434,438,379
0.18316071025273417,11,1,349,414,306,309,427,603,393,548,221,509,310,349,421,443,276,470,341,188,383,397,327,457
0.8368079950135139,10,1,441,466,444,414,373,616,391,307,297,460,356,481,481,395,419,470,479,447,376,444,548,516
0.531253323635285,10,0,405,370,390,421,327,287,526,411,485,270,470,471,445,309,604,481,310,321,443,221,208,337
0.8087176940107252,10,0,449,385,642,428,449,470,546,419,492,485,431,433,560,346,627,405,614,385,434,432,561,195
0.7297594384768044,10,1,431,451,485,390,387,450,373,351,489,436,408,507,225,459,367,271,256,285,386,556,684,505
0.5134504877680077,11,1,402,430,304,528,414,434,439,270,569,579,414,398,418,547,430,469,258,458,399,355,439,398
0.22494614795261192,11,0,365,343,436,140,377,393,296,407,411,393,386,268,431,520,240,296,363,314,283,394,299,245
0.5488665922694426,10,0,408,370,649,324,333,451,561,349,471,340,297,412,428,563,452,421,455,427,513,246,474,216
0.37750196594200913,10,1,381,437,455,320,336,441,414,556,273,576,236,430,385,343,528,410,479,461,329,388,258,374
0.1423185614590723,10,1,357,469,156,764,303,552,447,519,323,267,329,421,388,490,293,505,358,443,296,537,200,619
0.9548970781208354,11,0,453,318,648,388,398,119,451,229,608,385,283,300,413,102,537,336,379,443,448,474,688,274
0.18831192301972166,10,0,350,385,405,257,358,301,180,338,503,466,358,355,294,227,326,252,497,279,277,337,389,365
0.9119199682226263,10,1,449,476,502,537,389,297,558,644,367,597,502,248,501,362,356,408,286,451,370,512,611,487
0.729269761636153,10,1,431,451,340,421,414,532,410,424,392,248,681,467,341,386,435,523,479,443,251,401,426,516
0.8349180052894585,11,0,441,335,393,347,373,288,543,135,349,402,455,481,410,274,466,345,400,482,249,489,523,333
0.7565033475452072,10,1,433,455,521,376,442,550,600,403,532,556,516,508,305,477,345,553,447,384,361,473,479,391
0.7151099978495054,11,1,436,423,448,479,442,395,500,585,545,571,475,402,283,443,593,462,329,474,467,643,306,624
0.9352662993245706,10,1,451,479,350,442,296,269,403,273,556,526,517,574,437,446,440,581,505,454,358,422,505,302
0.43665832669715376,11,1,389,429,417,553,266,499,448,565,436,492,439,420,426,269,437,610,516,402,428,263,348,524
0.1613246335841585,11,0,359,334,254,406,392,351,234,338,350,453,139,252,374,210,300,329,351,471,449,364,300,355
0.8064030336844221,11,1,449,415,388,527,177,564,489,618,322,348,579,497,360,381,499,527,293,334,416,325,332,482
0.44006644612420887,11,0,390,368,220,238,326,205,444,410,298,449,319,526,454,251,362,511,418,433,184,206,331,389
0.2073537397367593,10,0,353,383,443,414,378,550,421,556,232,603,190,412,221,294,235,470,402,283,140,391,299,545
0.1752660621779829,11,1,348,414,335,484,335,524,296,441,372,372,267,474,359,624,404,333,402,455,238,418,273,214
0.3356930626943214,10,1,376,442,403,426,469,511,432,488,549,365,525,424,518,456,450,504,348,313,482,616,279,483
0.9959018487935107,11,0,457,312,382,277,284,61,561,375,483,308,428,552,507,235,410,164,438,229,384,297,556,281
0.9639249103848129,11,0,454,317,622,259,355,323,466,251,732,211,627,190,507,428,545,257,531,356,507,281,409,315
0.6608721695023188,10,0,427,374,352,463,516,275,381,350,515,581,391,444,387,262,318,411,445,410,417,318,419,364
0.4540508283225927,10,1,392,431,422,274,510,366,307,389,288,365,144,420,341,483,342,374,410,250,482,323,371,342
0.4276525006889864,10,1,388,432,352,338,413,364,148,317,530,454,438,380,384,503,353,525,271,499,434,637,507,455
0.03589878883823683,10,1,346,483,311,553,256,566,384,729,348,531,418,505,260,572,294,392,384,607,247,387,154,529
0.6534578026674377,11,1,426,426,532,347,409,463,390,635,541,333,293,507,467,294,547,384,614,357,442,396,322,451
0.17439276893237832,11,0,360,336,198,330,350,203,392,219,349,340,293,180,334,313,277,246,422,540,437,331,321,458
0.793211308705318,10,1,437,460,565,225,579,513,346,472,395,336,400,390,427,435,560,578,472,462,452,355,548,307
0.3398989862926549,10,1,376,441,469,475,181,420,337,590,449,487,143,525,606,600,468,450,506,354,193,367,499,452
0.25331710538548824,10,1,368,453,386,328,300,316,205,410,462,302,387,539,465,429,354,449,368,513,333,445,312,499
0.9479773925693712,11,1,467,400,480,510,699,576,283,385,292,390,321,214,439,310,505,524,422,334,552,533,384,489
0.03643691989711095,10,1,346,483,214,441,327,356,355,438,295,576,357,452,260,564,637,530,307,469,298,365,296,611
0.45518599002728544,10,1,392,431,494,546,344,316,335,570,342,467,229,390,261,341,435,520,414,361,544,315,351,462
0.45601144727659115,11,1,393,430,331,630,551,317,417,562,422,434,337,367,368,507,224,421,416,614,226,537,399,349
0.7982387299492795,10,0,448,384,615,358,334,258,499,289,432,522,441,316,291,383,484,558,612,483,439,169,454,389
0.7260277147184141,10,0,437,378,526,490,437,314,317,332,369,443,399,532,383,413,486,423,278,273,204,322,558,301
0.7673388678094334,11,1,443,419,562,676,212,582,378,413,409,451,436,611,376,299,424,357,590,611,455,383,469,424
0.11379168889590396,10,0,340,393,291,582,324,212,547,251,331,552,330,498,58,609,448,322,318,383,252,399,473,466
0.2553383159223901,11,1,360,421,506,563,416,365,406,299,411,451,463,505,245,505,241,468,457,356,256,336,497,273
0.6706737998448076,10,1,425,443,410,575,421,276,397,296,478,537,451,587,543,571,502,412,672,601,311,399,236,416
0.26674958386104297,11,0,369,348,479,345,347,314,497,373,488,467,463,404,309,185,449,371,346,390,289,395,499,476
0.8615744162787714,11,0,444,331,667,403,284,317,573,273,541,83,489,324,405,323,556,374,577,441,517,374,351,339
0.8296910573672959,10,1,441,465,335,446,437,412,521,431,422,597,481,459,457,321,433,309,563,464,427,419,280,316
0.621991567608424,10,0,421,372,444,382,332,344,221,472,532,286,321,418,314,419,303,485,420,363,548,305,337,589
0.48125259997194536,11,0,397,370,443,512,515,488,493,301,410,515,159,411,304,229,350,292,110,326,192,386,410,320
0.9102276750222544,10,1,449,476,406,441,463,396,428,407,538,547,448,509,521,551,405,399,321,482,635,545,446,347
0.729195915492149,10,1,431,451,408,505,533,262,409,680,319,379,362,486,529,412,428,627,458,337,352,485,539,459
0.2757586060776076,11,1,363,422,454,276,413,410,561,387,264,614,354,405,345,601,430,418,205,140,289,465,348,429
0.27831993075857686,11,0,370,350,383,444,280,380,371,230,436,337,243,462,208,468,504,262,360,315,362,469,437,505
0.4024622205948395,10,0,384,372,315,283,503,238,399,494,206,389,308,287,295,249,454,288,609,386,442,388,412,219
0.31108850520259523,10,0,369,376,448,512,351,388,286,442,250,330,520,261,474,398,352,457,237,419,214,365,150,135
0.39460223878441225,11,1,382,428,298,300,387,515,356,247,447,505,413,525,343,403,103,387,393,268,400,382,256,478
0.5970606446241618,11,1,416,428,379,390,340,665,432,393,404,598,288,321,376,329,500,146,342,360,365,519,585,354
0.28051535885257617,11,1,364,422,324,432,452,523,496,559,420,402,120,256,409,479,365,443,444,388,457,442,350,338
0.533689942877517,11,1,406,430,282,455,474,515,338,588,306,439,419,633,485,499,436,458,367,666,362,310,356,313
0.6721643664975193,11,0,425,357,338,408,576,303,202,234,317,525,489,479,402,473,410,267,470,406,621,367,516,302
0.4180407369180533,11,1,386,429,416,375,174,340,486,584,251,376,298,492,282,460,310,326,379,694,418,440,218,401
0.3884465316722415,11,0,382,364,244,376,340,227,486,469,261,215,511,501,484,335,479,320,341,330,292,408,464,431
0.7219597914502504,10,0,437,378,417,220,622,393,342,397,480,425,299,429,369,385,255,474,444,498,335,245,465,502
0.12090908447507431,10,0,341,392,236,371,666,469,278,365,279,391,333,396,444,310,253,378,297,503,388,287,286,521
0.7679129398966527,11,1,444,419,461,576,594,357,292,209,608,366,492,460,473,370,477,380,446,335,367,389,346,461
0.47279050339949125,10,0,395,370,256,298,484,423,400,342,379,403,352,380,395,363,361,519,583,233,384,314,437,342
0.6637380603391854,11,1,427,426,424,612,341,219,537,302,507,453,654,466,532,323,460,488,408,386,481,630,402,396
0.3865987443735226,10,0,381,372,479,459,419,385,252,518,564,460,257,378,548,333,360,448,388,518,351,331,457,358
0.5990319611450091,10,1,416,435,367,184,413,540,531,384,382,403,312,468,619,395,365,342,436,549,563,451,562,476
0.5791370503139908,11,1,413,429,590,436,541,440,332,607,557,409,401,390,228,238,543,359,318,479,440,472,396,502
0.998855849055171,11,1,473,393,560,541,348,456,298,365,492,435,415,326,284,342,303,452,307,446,466,430,309,597
0.5579108278146225,10,0,410,371,493,295,354,438,372,325,456,180,298,439,301,250,419,351,285,181,449,307,323,276
0.2862353194478461,10,1,371,449,573,644,400,436,307,486,354,318,114,394,358,399,310,454,530,425,309,395,359,446
0.665494921703359,11,1,428,426,480,362,512,436,586,471,392,406,336,377,505,345,600,429,397,317,286,499,259,373
0.7194879393921857,11,1,436,422,545,368,390,390,277,347,428,542,416,480,347,504,599,496,469,292,547,376,447,405
0.3877006588842501,10,1,382,436,369,359,253,561,229,487,332,287,455,295,324,442,202,567,205,317,365,464,327,518
0.8139817467501724,10,0,450,385,443,367,523,448,435,529,446,376,262,424,451,273,441,368,385,542,375,265,530,317
0.39779439961701246,11,0,384,365,383,312,480,462,437,435,421,290,317,543,378,443,476,169,331,90,271,548,297,509
0.41335987778845595,11,1,385,429,355,560,408,474,351,377,406,428,306,533,494,299,365,476,287,536,466,537,191,566
0.8821233534615306,11,1,459,408,412,300,353,345,405,68,268,297,568,636,554,306,370,458,421,251,482,495,532,454
0.7805906661078337,10,1,436,458,594,417,456,415,477,584,283,463,607,557,500,450,492,631,502,400,498,610,450,317
0.008295838594724159,11,1,328,394,188,408,213,309,489,567,298,350,285,307,426,281,480,283,378,367,344,256,466,517
0.7691719986375736,10,0,444,381,632,493,298,319,442,331,449,451,279,289,417,253,522,309,631,290,635,465,404,321
0.6533924748234631,10,1,423,441,365,439,368,334,331,192,439,547,604,380,414,487,417,665,571,632,375,359,532,334
0.6438488124911566,10,1,422,439,493,436,374,311,318,385,549,593,551,540,497,348,497,581,341,499,652,372,474,565
0.3329782016470362,10,0,372,374,371,488,293,339,525,225,430,388,288,345,524,295,293,283,440,359,482,415,359,359
0.4615872373201002,10,0,393,370,455,312,519,640,387,207,334,173,529,179,278,345,317,435,573,509,365,406,212,332
0.812027951493378,10,0,450,385,443,317,372,269,459,472,299,424,494,331,343,403,402,510,252,309,156,450,413,452
0.6129977919989076,11,0,418,364,480,463,563,453,573,365,416,278,605,312,360,496,323,345,536,313,352,322,346,562
0.33134021548738846,11,0,376,357,130,412,417,209,403,458,320,414,432,442,531,214,293,288,333,448,197,266,539,227
0.9703421421105374,11,1,470,397,470,352,639,539,463,314,353,463,697,488,485,240,635,424,654,407,510,523,234,437
0.036922858731349706,11,0,346,317,213,539,452,232,300,249,475,496,497,363,474,298,527,264,117,199,83,224,304,419
0.9629207861044964,10,0,469,402,324,538,385,367,439,215,460,318,371,343,398,496,436,389,412,288,531,327,415,318
0.37708753294797837,11,1,379,428,282,378,158,458,622,465,513,469,450,432,351,368,323,413,442,400,302,566,281,627
0.6412650671691055,11,1,424,427,452,527,481,545,292,379,503,354,266,410,493,421,438,362,386,367,332,471,430,357
0.11222174742455027,10,1,354,473,388,448,261,487,395,500,354,524,501,511,211,369,391,377,532,539,442,545,152,379
0.863454171255441,10,0,457,390,317,460,426,493,478,319,372,294,506,278,610,534,479,201,417,411,462,242,319,445
0.9886221035076519,11,1,472,394,732,569,505,231,447,289,386,222,360,396,595,503,536,172,547,306,610,453,490,222
0.483102539796737,11,0,397,370,574,320,356,258,434,183,273,262,256,396,381,388,309,250,324,394,416,388,471,381
0.174969871726407,11,0,360,336,451,341,349,205,476,359,380,192,328,343,525,253,467,354,375,346,310,398,366,396
0.8369815268358836,11,0,441,334,442,376,471,393,387,307,440,178,622,381,576,285,359,433,599,337,199,412,649,404
0.6807204436673849,10,0,430,375,558,357,471,468,471,474,343,389,434,513,499,431,445,470,400,482,633,284,601,376
0.23960527172375345,10,0,358,381,509,433,448,312,332,270,387,316,387,500,453,423,257,503,377,529,549,483,421,544
0.44168897205198565,10,1,390,432,560,394,289,468,241,546,371,630,358,460,502,392,526,474,305,500,173,453,417,397
0.9233701075341677,10,0,464,397,433,477,475,380,575,336,501,401,431,402,487,413,472,350,229,373,534,244,552,444
0.7710118707856541,10,1,435,457,394,494,418,485,421,351,352,361,701,523,326,594,457,372,345,255,524,298,460,551
0.6094475885156025,11,1,418,428,261,521,575,392,495,554,114,368,470,553,475,332,448,431,264,426,397,371,431,328
0.38195317945806984,11,1,380,428,363,344,241,293,362,397,369,458,388,563,311,200,285,465,583,528,204,395,336,474
0.8915189510208505,10,1,447,473,441,487,597,478,457,497,386,604,691,469,324,531,467,377,481,333,285,508,479,318
0.08574209481272732,10,1,351,476,410,430,363,407,476,493,423,601,386,484,383,490,248,370,420,427,244,296,335,690
0.7585861520244084,10,1,433,455,244,586,508,469,364,470,498,602,373,582,386,244,369,452,393,482,418,533,407,496
0.8965318802006916,10,0,461,394,528,374,489,434,325,372,437,516,552,396,578,425,572,453,489,275,548,372,344,601
0.40696617129485335,10,1,385,434,203,626,436,503,217,404,318,438,525,409,543,481,439,530,429,623,538,462,445,407
0.8833497950197569,11,1,460,408,319,313,448,383,525,412,383,529,313,490,545,238,393,525,328,494,246,388,539,461
0.007101790922579898,10,1,343,487,297,393,465,405,316,427,440,437,346,605,71,483,319,563,397,504,445,433,315,558
0.6555051938188104,10,0,426,374,433,418,492,317,476,436,485,125,369,488,404,319,415,223,316,459,159,393,426,400
0.8628506043420922,10,1,444,469,491,396,484,425,465,426,464,336,356,427,438,482,270,493,572,563,448,533,457,409
0.857161121122978,10,1,443,469,393,380,326,444,427,458,473,485,288,487,422,491,557,369,444,476,440,319,455,554
0.6389821183378952,11,1,423,427,484,143,263,237,508,333,397,489,314,498,491,311,564,334,478,479,538,322,516,282
0.8224740417988307,10,0,451,386,514,422,415,428,528,498,344,334,362,422,304,288,449,401,351,390,584,429,538,452
0.05165139606076907,10,1,348,481,290,373,345,572,314,535,636,556,481,604,350,222,331,610,318,314,384,453,237,568
0.7616074558983169,11,1,443,419,435,443,349,422,522,334,322,463,385,340,365,369,397,459,379,282,341,362,451,529
0.026557386946170825,11,0,345,316,342,235,406,313,411,66,462,237,450,328,207,462,488,442,395,412,342,431,203,313
0.6026182229937034,10,0,417,372,419,410,221,123,509,468,254,476,442,361,620,326,436,385,439,367,381,414,260,314
0.47759478148547563,10,0,396,370,349,350,411,474,443,280,488,360,339,496,321,465,355,344,451,431,252,386,226,442
0.18972601047504045,11,0,361,338,391,393,402,263,327,441,455,183,461,356,369,408,366,390,471,348,262,86,325,340
0.040545549905772305,11,1,331,398,331,291,405,310,463,447,326,606,184,266,185,511,230,422,315,688,133,465,121,370
0.9178209010735131,11,1,464,404,492,279,417,366,510,507,529,380,434,441,524,297,376,571,444,452,346,337,448,541
0.8046736678251716,11,1,449,416,595,482,501,186,342,269,558,244,530,360,424,445,404,455,328,380,458,299,335,199
0.12597202330703272,11,1,342,409,234,415,310,377,255,244,549,488,388,295,311,557,303,466,433,302,152,325,382,492
0.8690168977498197,10,0,458,391,614,337,510,370,343,468,283,468,621,476,397,333,322,438,479,464,351,374,348,456
0.31011832524335137,11,1,368,424,451,365,376,404,426,603,299,512,281,342,300,591,120,599,237,670,321,488,433,399
0.3611336360091445,10,0,377,373,293,329,164,235,548,322,580,387,667,396,600,291,311,338,378,347,466,383,429,333
0.4347094843526754,10,1,389,432,451,333,312,364,441,441,384,349,423,499,337,408,383,485,668,417,348,199,386,496
0.8680458663687762,11,1,458,409,457,474,539,539,470,153,663,404,371,359,515,381,217,424,342,419,447,314,378,476
0.9685810570097959,10,1,454,484,483,556,507,238,452,443,340,358,403,343,386,532,440,353,590,596,405,411,420,639
0.10996044132287053,10,0,340,393,505,405,346,311,277,556,315,458,229,340,328,329,317,189,449,323,240,351,210,463
0.5882969815769208,11,0,414,366,459,431,472,355,502,416,387,356,445,442,239,393,445,354,367,362,355,287,511,206
0.9284144782307792,11,1,465,402,547,473,422,231,312,504,648,588,634,317,558,363,460,353,489,365,470,309,517,549
0.6901103021020919,10,0,432,376,318,442,414,448,397,306,372,399,461,467,339,324,345,423,532,441,410,459,388,209
0.2930447483075632,10,0,366,377,397,145,300,472,437,514,440,570,343,233,473,189,425,375,332,371,415,548,216,507
0.03172123613782496,10,1,346,484,164,393,252,621,308,479,247,440,376,441,158,576,338,282,509,395,246,474,363,662
0.19723825157320773,10,0,351,384,556,339,368,463,224,454,423,362,363,401,200,584,297,420,277,390,251,392,325,385
0.44912467140107826,11,0,391,369,495,405,485,432,338,431,209,334,378,538,420,504,454,343,275,510,497,315,379,338
0.027301807706729075,11,0,345,316,244,190,338,347,652,128,167,292,494,354,295,205,355,181,297,387,400,254,315,124
0.7695900783980988,11,0,435,344,383,197,226,337,221,296,486,307,396,351,451,252,361,416,367,490,392,297,524,432
0.14772913641759933,10,0,345,389,479,478,391,313,415,336,423,445,438,311,180,309,268,410,315,167,283,303,384,384
0.053905151693366515,10,1,348,481,287,447,293,565,315,484,326,499,347,417,248,392,266,581,301,508,344,588,421,614
0.650991764031844,11,0,423,360,500,406,536,362,507,375,395,351,654,465,373,371,383,313,482,243,571,373,408,293
0.5504872566601581,11,1,409,430,711,377,504,413,426,500,489,421,469,459,425,345,389,531,651,331,526,327,451,390
0.13794206484238658,10,1,356,469,236,484,414,413,367,438,358,469,487,361,294,444,518,493,188,376,314,355,198,507
0.19529318189072364,10,0,351,384,346,105,183,396,408,351,421,416,383,371,194,418,408,461,358,513,241,271,335,538
0.014660012870264527,10,1,344,486,359,578,324,515,336,626,291,295,305,590,409,361,321,388,387,635,240,584,434,550
0.48317755636258375,11,0,397,370,319,317,334,440,543,412,242,350,365,541,354,269,247,447,370,610,485,350,345,361
0.9286519287104362,11,1,465,402,443,450,568,432,328,421,510,511,578,486,504,488,635,475,421,536,332,510,442,387
0.15537884938006585,10,0,346,388,291,357,295,550,184,208,366,461,233,250,462,392,424,429,190,347,281,461,304,546
0.5298866022964116,10,1,405,430,467,524,471,352,380,369,387,376,553,320,371,383,444,253,310,530,427,588,500,516
0.9329383966004963,11,1,466,402,539,373,358,582,623,433,434,260,469,341,489,539,449,642,508,475,407,384,423,530
0.40081824299899105,10,1,384,435,272,276,415,408,370,389,294,547,142,477,380,264,411,519,332,278,365,368,346,572
0.461451437366428,10,0,393,370,362,335,452,304,346,396,334,379,276,447,486,513,407,218,280,425,248,239,407,303
0.15192395868952857,11,0,358,333,253,292,464,557,420,404,164,390,410,138,353,248,339,296,219,206,203,221,380,396
0.689250527588502,11,1,431,424,383,365,417,392,282,432,381,240,497,672,462,495,435,505,461,387,474,413,410,182
0.4456346381769257,10,1,391,431,89,456,432,486,436,515,322,264,436,498,410,366,467,592,394,249,467,383,382,378
0.24168058958548277,11,0,367,345,315,535,281,309,407,292,540,367,545,355,321,356,358,370,400,408,323,314,417,321
0.2748493745158499,10,0,363,378,315,317,386,546,389,362,533,322,383,387,428,440,507,568,273,458,399,277,298,383
0.3864488379221721,10,0,381,372,222,379,486,407,276,194,415,690,364,188,340,488,503,211,318,367,395,423,290,360
0.016655743897904918,10,0,329,405,308,371,342,436,229,337,292,303,269,468,172,435,240,408,348,227,273,360,302,288
0.14813805328626317,10,1,357,468,330,462,229,508,373,562,256,545,342,513,253,548,258,360,363,439,437,351,402,686
0.3707499672302301,11,0,380,362,435,288,334,265,173,438,499,373,420,378,281,422,445,398,255,389,367,317,440,450
0.03263303994231648,11,0,346,316,450,277,443,280,104,265,450,342,399,322,471,141,361,63,542,403,357,275,244,397
0.695818873214393,11,1,432,424,404,522,472,458,503,400,472,394,445,497,490,217,364,392,626,453,393,312,713,387
0.5145549529918169,11,1,402,430,381,594,367,570,424,377,495,450,434,507,198,411,363,362,592,494,243,315,337,197
0.17010552882493435,11,0,359,335,361,431,412,367,159,223,424,376,352,380,287,619,220,307,381,405,321,227,339,378
0.971612016640047,10,0,470,403,447,443,443,516,579,268,533,468,497,372,524,293,553,362,384,538,498,469,548,512
0.5252933938945894,11,1,404,430,280,406,344,467,252,484,465,473,447,463,497,532,462,494,384,198,412,269,363,439
0.392167867566692,10,0,382,372,460,334,152,331,230,405,418,455,317,395,160,391,524,328,263,501,416,145,328,368
0.11257122641711215,10,0,340,393,214,309,314,583,430,420,410,543,283,357,360,225,441,283,266,267,533,321,438,370
0.23938664572269963,11,0,366,345,481,370,274,222,305,594,442,331,264,485,497,437,145,300,372,348,484,396,326,352
0.9670869170482732,11,0,454,316,506,276,521,261,362,342,651,248,523,157,526,297,607,337,485,290,558,311,364,200
0.7147139887887788,10,0,435,377,488,139,522,401,312,252,407,351,555,492,441,336,540,314,545,419,542,588,456,386
0.25440450227593614,11,0,368,347,418,265,364,203,431,414,151,353,336,301,475,152,456,297,412,404,342,442,292,458
0.228033957961981,11,0,365,343,198,235,427,419,341,250,326,301,462,349,425,256,632,357,414,307,338,383,323,261
0.004414495057197598,11,1,328,394,288,341,484,297,362,446,219,563,496,481,306,397,393,425,518,474,273,302,464,471
0.7555670248809042,10,1,433,455,270,201,536,400,446,509,322,419,594,471,476,591,432,527,452,667,491,395,507,435
0.9404198009769911,10,0,466,399,307,632,442,375,424,430,473,422,440,423,567,358,394,293,325,460,414,322,425,363
0.2443698341510835,10,0,358,380,365,284,302,483,426,453,315,396,387,287,236,409,512,304,546,494,290,476,193,420
0.05402599220970583,11,1,333,400,524,342,337,426,331,284,301,530,457,357,366,571,151,407,386,466,412,247,332,337
0.12298122865940653,10,0,341,392,382,441,383,99,279,250,305,512,320,494,258,442,403,410,194,405,287,333,289,485
0.538477366017582,10,0,407,370,507,303,458,595,419,562,381,420,488,532,558,456,440,331,546,450,367,421,385,336
0.339765711235549,11,1,373,426,354,405,163,524,481,469,359,362,445,530,429,400,422,448,256,609,293,344,495,489
0.15503113467553886,11,0,358,333,264,275,261,231,405,374,342,374,260,324,431,330,504,349,233,373,350,386,295,292
0.36733821471813943,10,0,378,373,417,409,476,513,190,206,333,501,739,271,400,367,292,500,431,468,425,545,415,244
0.35267941419216775,11,1,375,427,164,473,568,316,419,477,476,415,169,365,357,439,282,247,372,475,440,290,413,315
0.33043029581857164,10,1,375,443,441,528,304,302,427,670,339,504,350,440,528,345,537,411,420,528,408,448,368,411
0.9635337105402821,11,1,469,398,543,222,301,219,478,473,557,313,517,220,245,403,427,334,545,375,540,484,448,338
0.33563724162337094,10,0,373,374,479,383,296,483,365,392,324,333,407,463,305,464,316,476,230,413,420,235,466,399
0.9732289557736651,11,0,455,316,518,324,394,387,603,233,507,189,499,414,415,433,243,294,301,375,521,206,434,168
0.5264382493754622,11,0,404,370,377,580,440,337,407,325,390,558,504,295,397,419,189,411,437,447,262,477,425,396
0.9119690514290776,10,1,449,476,463,490,580,483,433,418,515,431,428,470,509,426,435,545,459,535,560,266,290,386
0.0696800164373036,11,0,349,321,329,375,44,380,273,264,385,119,273,239,207,145,301,328,418,260,334,441,443,392
0.53479455731851,11,0,406,369,487,292,441,478,349,393,375,343,343,368,421,301,432,134,405,470,146,422,330,331
0.9220914315666415,11,0,450,323,612,241,488,389,393,384,487,190,397,237,725,528,580,245,527,331,453,212,346,132
0.23344832539012794,11,1,357,419,321,597,258,414,494,463,452,457,294,539,336,392,438,446,310,353,343,597,374,259
0.9598581322277281,10,0,469,402,514,409,379,423,408,275,383,460,369,323,417,332,644,440,410,442,263,495,487,504
0.9791594987613693,11,1,471,396,339,370,455,417,540,232,512,345,397,434,592,330,397,378,535,373,456,315,420,181
0.6919262966238707,10,1,427,446,541,523,398,589,358,487,576,430,436,613,470,463,357,587,325,498,420,456,445,558
0.9274606971254827,10,0,465,398,550,494,470,506,431,381,485,272,543,470,472,312,531,419,499,333,482,396,254,313
0.8004992645733516,11,1,448,416,263,427,395,305,460,422,269,241,534,401,571,400,466,510,338,394,390,307,497,374
0.5659748534619689,11,0,411,368,379,394,559,512,408,271,513,306,455,226,497,264,422,445,287,269,430,405,424,397
0.2984072246875248,11,0,372,353,382,223,297,146,396,346,427,445,282,220,380,627,213,467,502,430,351,197,293,433
0.8429042971897646,11,1,454,412,346,402,419,533,591,424,288,364,386,336,416,493,312,542,502,368,396,489,421,356
0.11697259926304948,11,1,341,408,215,518,288,398,311,552,351,327,281,495,209,441,416,411,256,361,392,444,297,531
0.2673391297867206,11,0,369,349,469,293,138,196,382,297,214,284,327,451,282,201,361,436,583,448,249,280,269,413
0.4782926254611124,10,1,396,430,353,209,423,271,320,549,552,559,427,262,488,487,515,270,411,458,269,451,480,589
0.9727684041489283,11,0,455,316,439,368,517,264,417,351,444,505,553,246,513,532,283,354,530,207,609,421,527,262
0.8013221760843264,10,1,438,461,561,327,407,271,261,780,583,599,420,405,561,315,419,538,287,383,200,527,379,457
0.28791315410646845,11,1,365,423,410,429,479,360,216,431,171,476,341,374,124,345,202,505,199,414,193,287,436,503
0.13887607290274706,11,0,356,331,396,202,367,363,300,378,497,229,388,282,106,272,384,318,249,353,473,305,347,443
0.8586573261574011,11,0,443,331,437,511,481,191,458,309,455,352,415,231,399,346,562,414,483,270,580,342,447,392
0.6874576155759622,10,0,431,376,427,303,438,324,398,497,262,176,425,535,191,294,600,356,307,486,362,349,534,182
0.8506418926388827,11,1,455,411,475,376,421,370,529,464,416,456,546,270,456,399,376,339,276,467,506,414,484,403
0.467116437701964,10,1,394,431,529,407,295,454,612,349,531,416,447,427,480,527,404,463,448,479,576,400,295,635
0.22907557812742363,10,0,356,381,222,351,395,438,505,309,333,289,176,423,378,321,620,396,314,218,438,640,417,327
0.7742419325019857,10,1,435,457,492,368,485,575,492,188,466,365,381,592,554,570,534,402,529,263,434,472,433,461
0.3549060846175174,11,1,376,427,312,476,400,500,600,544,407,529,276,279,499,325,393,377,237,456,360,419,227,357
0.3204811163370902,10,0,370,375,459,390,280,438,522,316,373,308,366,436,345,456,376,400,363,209,287,339,225,449
0.23406899717177443,10,0,357,381,472,402,314,228,364,349,256,351,442,334,360,519,423,670,538,300,349,500,235,464
0.5642841996547073,11,0,411,368,405,236,456,186,267,414,413,287,335,363,457,426,318,547,451,448,584,345,582,217
0.5977757756061083,10,0,416,372,232,492,545,277,243,294,480,325,523,357,147,402,545,322,409,364,458,459,658,329
0.9050443011551172,10,1,448,475,449,394,377,462,439,577,447,182,492,433,504,630,338,379,529,556,549,544,304,408
0.6838061719722095,11,1,431,425,331,451,337,480,471,542,265,361,521,490,469,383,481,500,499,432,385,334,326,462
0.2671183586303961,10,1,369,451,597,473,394,395,358,467,227,347,402,444,383,518,336,432,306,200,255,399,590,369
0.4644040071057445,10,1,394,431,322,460,376,616,451,492,374,630,405,420,476,592,453,243,414,484,395,304,276,527
0.8644415553948177,11,1,457,410,656,381,492,470,418,502,388,332,330,447,346,414,604,444,211,365,553,439,457,422
0.8746272539501606,10,0,458,392,350,531,540,213,401,440,584,401,407,303,336,449,453,296,629,339,556,302,575,401
0.28343622334546026,10,1,371,449,525,495,508,469,506,246,284,386,312,480,207,522,260,375,402,467,336,442,361,404
0.5368497147905269,11,1,406,430,556,356,511,306,487,488,439,440,282,439,456,318,320,406,369,413,484,486,238,451
0.22442791552795693,11,1,355,418,472,357,463,509,258,486,316,489,241,245,298,342,385,479,284,315,440,537,408,437
0.8765040632613008,10,0,459,392,289,196,414,367,481,257,396,461,491,364,500,330,566,479,521,582,458,420,385,176
0.9475444456244887,11,0,452,319,514,258,686,437,487,159,477,117,364,405,366,414,480,286,380,393,408,219,440,319
0.8055435774963928,10,0,449,385,426,412,321,551,522,321,331,428,506,398,469,380,472,452,511,368,331,511,474,454
0.40428832373616075,11,0,385,366,379,322,451,361,338,291,263,345,296,360,272,239,447,343,429,175,338,336,460,359
0.5885323450456886,11,1,415,429,566,344,416,277,410,313,291,351,338,353,406,331,455,338,308,356,334,374,435,348
0.32772154429345834,11,0,375,357,430,321,472,257,529,355,397,353,225,275,373,344,408,145,402,434,335,384,428,397
0.8548721797930301,10,0,456,389,502,425,691,360,403,514,194,278,497,272,625,461,458,495,641,456,511,372,731,439
0.8158011828150753,11,1,450,415,359,545,386,443,328,373,434,210,639,269,487,412,501,411,361,597,432,221,344,421
0.6488123251342877,10,1,422,440,227,479,500,414,663,466,388,432,404,350,413,380,512,298,78,386,586,453,356,101
0.9054424594964573,11,1,462,405,409,373,416,444,370,474,604,423,519,324,351,289,387,421,440,347,558,252,502,331
0.5722734649282752,11,1,412,429,395,483,356,420,513,411,428,435,396,465,545,334,421,353,472,388,523,623,413,514
0.700965403476026,11,0,428,353,399,258,525,222,306,330,615,229,495,433,283,474,549,374,589,290,394,290,365,313
0.3687072685775764,10,0,378,373,267,394,433,391,505,545,451,568,568,569,428,436,320,233,319,272,304,409,163,364
0.6949380711830392,11,1,432,424,492,402,426,437,297,336,573,375,423,505,453,440,612,298,631,392,404,496,280,435
0.9146891561716043,11,0,449,324,491,347,321,563,296,435,276,352,244,390,341,265,462,373,502,342,427,254,348,385
0.5903212902028498,10,1,415,434,491,386,562,377,509,501,511,289,435,618,445,462,456,126,420,539,489,448,456,439
0.9367980524796171,10,1,451,479,341,516,419,551,375,398,388,424,329,463,477,429,360,610,412,362,372,332,501,423
0.3788785146563559,10,1,381,437,214,370,440,400,410,352,503,411,520,419,349,268,361,326,404,402,439,507,443,480
0.039523845861223594,10,1,346,483,402,567,416,701,536,548,124,601,289,355,329,438,456,469,195,447,457,577,510,537
0.8961858212030912,11,0,447,326,420,361,377,338,402,423,508,347,708,233,479,396,426,154,325,355,496,320,507,350
0.2792386464299833,11,1,364,422,344,443,248,480,576,377,459,559,247,589,405,302,272,350,615,490,344,232,350,633
0.813763221924674,11,1,450,415,568,340,512,311,570,367,514,542,378,530,447,332,477,393,381,465,565,398,505,303
0.04964738413958736,11,0,347,319,338,356,352,481,376,249,286,481,551,444,360,386,220,162,256,378,343,252,422,265
0.936977934838236,10,1,451,479,350,542,433,435,526,426,381,430,445,392,355,424,539,327,470,484,314,198,418,426
0.789167489311616,11,0,436,341,281,418,260,363,526,334,469,490,346,394,332,307,337,321,657,537,450,270,429,281
0.9203134116164088,11,1,464,403,319,400,388,315,629,497,366,537,410,266,488,461,525,525,304,382,391,416,624,517
0.7939829382853962,10,0,447,383,233,307,339,294,399,385,419,492,316,398,562,409,355,383,444,336,336,353,347,327
0.899244442103516,11,0,447,326,446,271,424,175,432,414,427,448,506,191,357,478,378,384,479,271,363,208,354,280
0.7350140815940321,11,0,431,348,351,533,604,528,550,383,420,250,435,139,505,284,419,302,551,254,364,200,614,321
0.9391505552980673,10,1,451,480,354,579,542,452,446,477,428,355,574,425,622,577,357,405,403,442,357,559,421,497
0.7425489704304215,11,0,432,347,470,244,543,301,429,470,352,468,509,410,296,387,255,418,505,257,355,253,635,483
0.09531369823239744,11,0,352,325,456,226,546,524,482,497,396,319,480,330,260,196,301,197,307,388,225,292,344,225
0.07104266092032818,10,0,335,398,338,233,225,314,86,229,213,536,371,410,475,419,400,415,397,404,352,389,232,357
0.9556627525049501,11,1,468,399,546,382,386,418,500,397,590,374,664,375,506,434,453,470,276,440,377,440,434,593
0.7904954748176448,11,0,437,341,452,329,586,508,431,288,423,251,427,371,569,424,513,427,344,306,624,388,514,548
0.7344245587716766,10,0,438,379,510,284,554,380,460,306,432,400,467,426,585,208,446,480,455,240,452,310,536,294
0.8294506868947524,10,0,452,387,477,298,487,236,344,283,351,424,436,366,421,446,472,317,531,304,588,297,437,434
0.57417368789182,11,0,412,367,493,524,302,440,478,476,652,278,366,395,266,226,451,365,466,341,485,473,572,422
0.41477412450340656,11,1,386,429,247,503,502,320,404,431,202,549,218,524,450,571,320,416,523,358,341,403,216,295
0.23927741996928675,10,1,366,455,540,428,227,527,260,489,318,415,367,443,468,414,709,554,345,458,447,526,307,228
0.051636918161430456,10,0,333,400,350,295,340,478,336,302,447,360,360,534,366,417,66,577,636,507,553,362,294,511
0.3885925604604311,10,0,381,372,470,188,572,469,360,467,446,319,252,321,399,540,342,520,484,388,297,523,459,276
0.06896107547567476,11,1,335,402,295,417,396,528,186,366,544,416,271,593,369,486,313,348,105,502,189,394,489,347
0.3937349080035304,11,0,383,365,344,420,355,255,472,303,272,409,176,334,370,313,454,380,338,276,428,355,325,354
0.7500036238316349,11,0,433,346,484,167,411,489,429,342,416,442,407,308,503,137,339,417,497,316,438,520,380,374
0.9850685146251259,11,0,456,314,347,229,353,375,497,409,479,338,501,353,419,237,442,364,511,285,499,403,777,316
0.41320498374525316,10,0,385,371,422,320,437,458,425,353,416,311,484,553,291,288,343,357,620,233,402,482,434,347
0.7369311869041182,10,0,439,379,463,515,395,365,477,212,480,538,384,134,503,389,468,439,484,297,421,421,515,365
0.26945879581272103,10,0,362,378,394,449,369,431,185,353,323,497,465,375,445,478,584,372,335,341,441,461,451,277
0.06100797327087315,11,0,349,320,234,526,282,405,441,262,342,498,465,184,415,294,258,268,80,351,444,142,436,275
0.6447525355180057,11,0,422,360,456,264,503,300,321,163,226,366,446,457,513,259,620,399,488,265,397,449,261,194
0.26047455463520985,10,0,361,379,434,338,407,273,400,423,335,183,315,297,364,546,398,510,316,434,418,373,407,438
0.4549818176087287,10,0,392,370,501,359,268,114,353,441,344,386,236,410,256,648,329,420,425,444,169,321,426,397
0.12491646133330025,11,1,342,408,307,329,337,424,409,494,474,454,407,394,429,393,425,594,531,434,240,440,172,528
0.14127421923272643,11,1,344,410,490,312,496,253,338,351,294,495,389,405,425,396,234,562,316,480,637,314,136,352
0.6047212169404226,10,1,417,435,315,534,185,377,383,471,295,223,412,441,354,278,579,191,498,469,383,588,358,558
0.5891238000486434,11,0,414,366,479,470,408,502,337,238,309,370,437,362,242,346,381,602,473,265,264,427,487,422
0.28631890995176723,11,1,365,423,438,429,515,618,419,353,453,550,360,330,528,452,420,198,294,289,360,482,344,355
0.2929502402169111,11,1,366,423,285,320,416,403,389,334,356,393,285,373,451,400,503,312,414,506,562,378,237,348
0.8908453364791837,11,1,460,407,392,388,269,310,455,505,407,542,435,416,476,288,498,390,356,393,541,365,458,536
0.8530114816633287,10,0,456,389,528,182,482,454,615,517,549,337,630,196,519,405,440,450,750,361,615,355,621,345
0.36994349279972194,11,0,380,362,322,208,377,281,329,293,256,301,476,269,453,444,319,328,343,179,397,245,453,383
0.25646281948970695,11,0,368,347,333,401,584,333,322,312,429,547,263,291,342,280,336,203,281,99,316,443,172,284
0.4010533915141452,10,0,383,372,326,332,400,438,412,393,178,406,508,295,305,366,398,305,487,312,421,256,386,370
0.3250263220356263,11,1,371,425,397,490,212,498,630,451,444,385,465,410,423,276,490,512,464,265,432,399,515,396
0.6565058252920917,11,0,423,359,601,319,280,289,417,419,496,235,363,466,443,352,373,452,475,389,443,454,407,220
0.2866272405649575,10,0,365,377,401,570,395,404,350,280,362,286,409,494,314,444,501,224,350,218,317,306,376,359
0.8080732684081213,11,1,449,415,622,518,308,473,458,425,440,455,501,429,298,489,238,539,512,422,353,418,551,583
0.12563072508364603,10,0,342,391,464,531,406,408,274,323,205,406,323,352,265,437,184,439,310,388,494,285,482,452
0.5302798452288771,10,1,405,430,475,659,317,410,527,494,393,393,536,465,109,229,446,403,261,420,297,508,618,511
0.08754388375948641,11,1,337,404,270,456,461,394,263,296,211,341,343,429,344,440,439,277,432,532,288,513,356,542
0.6660376956336918,11,0,424,358,463,413,434,316,407,390,310,376,254,338,451,248,462,265,477,216,397,375,507,398
0.8613753223092202,10,1,444,469,500,419,556,156,598,527,396,530,427,572,292,507,408,395,628,352,459,610,507,480
0.4750494305609022,10,1,396,430,300,536,350,542,449,484,186,325,404,299,325,435,429,389,325,499,311,529,315,396
0.19803695765935792,10,1,362,461,378,298,403,684,581,440,224,567,469,627,349,504,335,430,327,464,540,514,352,429
0.6123698533470989,11,0,418,364,430,446,320,291,350,362,366,486,710,364,496,439,427,511,402,297,429,381,332,214
0.3769944246494964,11,0,381,363,230,385,328,452,288,340,425,223,313,420,313,361,313,379,461,333,314,297,440,217
0.042566398031613994,11,0,347,318,392,316,380,518,390,458,381,365,379,312,286,216,275,553,285,351,278,310,346,438
0.7523856133794303,11,1,441,420,375,435,443,407,490,379,435,292,326,384,317,541,530,487,452,368,443,352,331,196
0.4342556124783664,10,1,389,432,471,719,253,575,273,431,527,295,428,283,449,310,321,501,342,496,299,597,352,387
0.6702863233276415,11,0,425,357,498,275,511,373,313,332,480,351,512,215,483,374,553,213,535,468,361,199,439,397
0.3802985714134822,10,0,380,372,537,395,424,381,349,453,342,400,427,360,360,313,475,213,398,413,425,332,273,295
0.875263932425234,10,0,458,392,625,361,532,390,650,206,441,485,546,476,482,357,437,498,631,522,418,236,295,464
0.7196210744813211,10,0,436,378,415,418,248,508,405,492,271,233,417,176,340,494,393,290,406,320,489,402,543,442
0.05513022447022653,11,0,348,319,358,299,248,172,387,553,382,246,493,373,354,210,346,402,383,272,398,214,357,355
0.2867440984188647,11,0,371,351,342,360,230,229,372,526,260,257,407,213,452,251,252,326,406,314,299,504,475,357
0.03424526043703224,10,0,331,403,190,202,347,434,449,403,348,317,359,327,271,355,277,450,242,399,355,581,279,537
0.4926506951670955,10,0,399,370,429,249,279,255,417,201,407,315,348,308,329,523,495,519,427,440,507,432,443,362
0.21509790414744667,10,1,364,459,182,663,241,693,301,314,404,700,432,384,338,293,374,511,566,362,415,449,504,472
0.1813896379008606,10,1,361,463,216,641,279,472,397,403,416,364,341,374,308,392,340,533,248,494,287,478,307,418
0.2917135163231529,11,0,372,352,343,394,330,186,326,239,448,458,396,458,477,286,361,442,315,264,373,409,621,345
0.8230050904600642,10,0,451,386,484,418,487,451,381,345,463,399,405,350,399,168,489,476,474,326,331,548,385,225
0.8968447963677006,10,1,447,474,362,359,306,386,444,420,283,532,238,410,573,474,327,481,633,529,340,379,500,553
0.8702401900308149,11,1,458,409,357,420,570,502,615,404,576,286,508,367,506,241,483,338,564,569,556,574,345,325
0.7678000531307922,10,1,434,456,440,537,500,432,306,639,323,494,395,423,623,375,550,440,455,438,364,294,475,453
0.3074099403152435,11,0,373,354,458,247,330,288,441,356,354,369,284,160,465,612,329,362,302,393,482,402,572,565
0.14019169146000976,11,1,344,410,735,460,384,414,230,596,278,379,233,514,392,420,514,400,175,529,250,508,479,620
0.764662124363312,11,1,443,419,396,370,450,455,377,473,451,378,397,461,378,486,254,205,334,317,305,228,294,585
0.8090765249310324,11,1,450,415,368,475,488,323,395,519,499,443,400,384,322,359,359,424,370,599,524,437,399,506
0.048278713352540525,11,1,332,399,278,300,272,515,324,219,411,341,312,211,284,468,552,251,306,338,384,360,400,279
0.05065113245808983,10,1,348,481,338,561,339,505,217,430,389,326,386,375,225,530,346,550,284,269,202,393,437,453
