TrueLocationParameter,Configuration,TrueModelUpDown,TrueLocationP,TrueLocationQ,P0,Q0,P1,Q1,P2,Q2,P3,Q3,P4,Q4,P5,Q5,P6,Q6,P7,Q7,P8,Q8,P9,Q9
0.8224495067389659,11,0,440,336,496,326,446,169,489,161,643,172,394,435,366,268,489,312,312,476,385,126,463,270
0.6288690304068307,11,1,422,427,346,402,300,505,275,376,332,474,292,447,490,506,601,287,387,546,457,321,473,500
0.13693903979477162,11,0,356,331,430,440,169,262,217,291,274,307,405,273,327,487,497,463,364,382,371,244,582,527
0.6079400567013036,11,0,417,365,440,324,271,205,515,461,499,539,345,343,396,235,469,119,438,389,582,160,374,279
0.10335979156502484,10,1,353,474,276,329,335,419,222,396,310,511,196,570,187,308,238,378,271,304,355,475,519,489
0.21228936016203226,11,1,354,417,308,387,394,354,417,471,442,359,344,431,375,358,329,433,383,520,467,417,496,396
0.4632382641720867,10,1,394,431,360,408,481,512,377,425,305,455,294,343,293,493,349,395,463,504,347,469,497,617
0.9679845372519768,10,0,469,403,736,567,471,484,437,267,385,402,495,386,511,449,473,457,467,297,593,257,344,347
0.01577901287315797,10,1,344,486,277,476,307,410,353,554,409,574,358,465,338,411,363,764,415,428,263,438,320,360
0.9715872948084386,10,1,455,484,365,554,460,481,407,419,299,666,599,610,404,663,398,495,561,586,509,443,397,443
0.018998696796627357,10,1,344,486,508,369,300,591,243,575,255,557,333,382,235,622,397,510,391,537,131,524,353,550
0.8173663082035757,11,1,451,414,527,563,583,388,573,577,466,389,328,468,369,410,483,457,344,439,326,421,396,336
0.7769766779229391,11,1,445,418,592,379,509,397,343,486,403,556,357,506,373,248,378,300,493,528,204,266,401,496
0.6427391935704779,10,0,424,373,553,283,402,277,486,477,373,301,346,291,469,480,310,358,436,344,335,287,480,476
0.9594489015471276,11,1,469,398,486,366,395,443,433,470,311,418,522,363,670,458,320,434,626,491,384,465,322,570
0.13420309652826223,10,1,356,470,452,476,503,474,408,413,328,439,415,541,469,501,527,423,290,542,277,393,398,401
0.4567550131888096,11,1,393,430,525,693,464,332,354,331,296,529,291,408,461,469,384,418,300,326,405,515,412,423
0.07928067695015484,11,0,350,323,418,443,179,307,356,399,179,287,471,340,259,268,203,413,177,281,375,308,247,265
0.3569354159126561,10,1,378,439,429,460,211,461,525,626,252,428,131,355,21,312,382,349,517,351,351,399,404,435
0.16796225826103717,11,1,347,413,337,386,305,257,311,462,241,303,313,558,419,352,204,548,328,427,388,464,367,399
0.5688312333954462,11,1,412,429,541,642,413,488,343,577,372,531,591,395,326,597,344,721,279,309,505,437,404,449
0.38508997570520864,10,1,382,436,587,239,488,527,389,455,324,446,433,563,393,338,308,517,393,435,434,359,533,427
0.29123624706212947,11,0,372,352,453,413,463,365,359,307,499,332,350,305,287,348,382,259,152,299,338,370,287,360
0.1873587250679528,11,0,361,338,287,225,555,295,438,214,534,278,270,325,373,214,417,367,389,441,496,360,152,308
0.4877025901655607,11,0,398,370,436,347,304,318,391,192,300,494,450,447,398,484,359,327,528,348,455,237,316,359
0.9386901302420826,10,1,451,480,754,301,306,397,748,388,467,401,414,560,542,114,412,340,456,435,528,668,320,412
0.9571014545746973,11,1,468,399,456,348,455,396,521,355,432,433,234,301,453,342,627,399,596,469,669,526,554,511
0.906434261061569,11,1,462,405,184,614,534,604,499,377,489,426,392,503,411,412,604,336,395,541,415,417,346,165
0.1806581211697571,10,0,349,386,345,319,308,349,370,399,293,378,333,305,438,490,476,548,193,513,250,464,197,292
0.723292574363911,11,0,430,350,535,480,446,333,546,229,503,344,552,286,421,358,488,390,418,404,558,386,312,452
0.7422124534159963,11,0,432,347,458,350,438,243,529,342,268,435,517,421,520,303,368,218,535,495,497,546,562,332
0.34760428658878606,10,0,375,374,243,415,199,397,251,406,240,341,314,193,530,372,238,391,406,361,478,524,301,344
0.9939571984902422,10,0,472,406,530,340,449,459,562,423,470,400,145,476,453,555,436,500,581,462,594,419,435,619
0.771361949398738,11,1,444,418,654,576,465,488,558,526,423,451,361,220,510,526,312,277,297,422,498,424,525,368
0.8141379856009395,10,0,450,385,460,405,477,508,367,469,306,251,470,233,385,355,522,405,470,321,333,531,450,403
0.3322758838027069,10,0,372,374,239,153,324,439,505,467,218,538,459,328,401,237,370,260,260,287,513,403,488,328
0.6698059139516319,11,0,425,357,419,520,425,566,410,384,336,335,418,267,332,389,543,337,521,323,520,356,419,306
0.6619826008575461,10,1,424,442,389,472,484,531,478,638,289,392,290,570,667,519,334,367,463,360,364,362,319,606
0.06562452634586569,10,0,334,399,483,381,465,326,178,423,383,396,281,124,168,350,353,479,101,305,436,293,158,514
0.3952418379070465,10,1,383,435,465,456,490,559,308,398,510,465,354,470,339,395,329,369,405,356,491,420,413,319
0.7167297150834926,10,0,436,377,329,344,582,470,520,275,338,430,317,559,366,317,501,391,534,250,411,534,635,427
0.6119215369702218,10,0,419,372,374,256,387,455,381,341,539,324,542,326,404,411,332,515,420,373,442,200,398,332
0.9320660252430675,10,0,465,398,364,332,557,283,606,359,361,484,432,365,377,427,405,388,421,443,659,107,518,430
0.42006387319140825,11,1,386,429,341,480,418,334,235,449,297,467,380,315,487,473,392,354,228,403,570,402,261,472
0.13281384912124916,10,0,343,391,346,386,591,440,101,389,376,466,415,352,409,361,397,392,32,596,444,647,369,349
0.822657395321946,10,0,451,386,349,207,426,438,317,346,374,229,491,394,534,406,586,572,501,392,574,356,337,455
0.49775293144084454,11,0,400,370,228,392,393,381,579,360,379,263,469,502,443,228,330,187,312,480,475,330,483,321
0.14368545023193102,10,0,344,390,181,350,332,334,282,469,40,378,80,284,320,467,298,291,375,262,226,530,166,392
0.7236411465058613,11,1,437,422,383,488,359,438,432,243,356,481,388,379,420,425,467,278,534,496,341,402,513,317
0.6237203827181356,10,0,421,372,396,211,452,501,362,355,451,286,311,366,466,214,407,340,351,353,528,494,509,270
0.13238517601120103,11,0,356,330,419,205,266,297,202,393,253,263,264,336,408,271,412,312,303,389,324,278,490,224
0.3805475976279883,10,1,381,437,424,468,272,542,631,621,364,366,69,326,276,312,282,252,324,396,529,513,560,442
0.1083210550888094,11,1,339,407,306,240,297,440,202,427,239,526,304,278,196,232,268,547,603,378,293,393,346,478
0.5640198565534575,10,1,411,432,410,287,365,429,462,519,383,517,253,545,486,443,245,406,374,309,419,382,437,653
0.7570165174627024,11,0,433,345,351,270,413,241,457,276,407,359,553,265,324,187,496,489,453,525,478,239,434,170
0.9885023723714432,10,1,456,487,373,443,372,741,511,509,702,251,720,494,553,493,504,442,415,503,591,386,477,501
0.8869991863534905,11,0,446,327,414,172,353,314,406,249,260,431,595,306,389,386,444,247,315,457,353,450,340,346
0.20077872333187385,10,1,363,461,263,409,272,467,427,510,508,586,480,342,472,346,235,447,212,593,436,690,441,468
0.6425908185062761,10,1,422,439,369,212,475,312,385,450,535,439,317,433,283,577,473,410,385,429,364,467,197,364
0.17324351342268884,11,0,360,336,324,371,75,237,503,214,476,305,552,241,374,220,487,385,377,400,514,282,386,197
0.9733365938191986,11,1,470,396,484,464,335,458,418,386,215,296,515,493,465,226,563,403,567,154,396,354,360,422
0.0730384126072059,10,0,335,398,254,395,398,444,416,290,284,528,249,375,170,447,411,583,369,430,523,336,221,454
0.10432151119626043,10,1,353,474,346,458,362,551,329,564,382,538,366,467,550,427,278,230,334,572,345,362,499,439
0.13308430714827824,10,0,343,391,382,307,352,202,307,443,475,362,289,303,457,540,222,420,352,362,437,425,300,380
0.9171269041233989,10,0,464,396,389,423,216,448,474,459,496,357,503,350,499,312,427,435,390,409,541,406,438,334
0.3957985691702077,11,0,383,365,437,354,378,358,494,271,439,189,413,274,447,362,423,446,260,333,432,528,460,271
0.21498964410023003,11,0,364,341,472,170,495,528,330,429,363,317,328,355,235,439,289,269,286,523,259,445,417,407
0.9265357446024972,10,1,450,478,587,471,471,387,416,544,494,552,472,402,626,481,455,544,461,479,385,347,247,523
0.006217354173139178,11,1,328,394,376,433,156,614,285,248,484,490,312,246,502,598,180,205,227,220,419,333,266,320
0.30788312078784574,11,1,368,424,356,512,498,195,112,307,488,415,456,584,400,315,337,452,484,426,364,497,305,444
0.24425793237897597,10,1,367,455,403,390,423,484,195,670,294,471,421,307,405,521,342,669,381,496,430,308,359,413
0.4999801114298068,10,0,400,370,544,219,380,256,467,400,478,379,415,489,244,306,342,297,486,369,286,454,372,177
0.4056168288824309,11,1,384,429,248,362,451,373,315,292,372,474,601,355,469,467,344,574,367,457,352,438,495,396
0.13246460864393694,10,1,356,470,235,387,323,461,425,450,247,364,276,461,377,491,297,387,471,358,411,501,196,479
0.02125589703924291,10,0,329,404,394,377,431,453,383,533,309,420,370,309,306,188,352,445,375,514,318,451,437,549
0.8305752905659584,11,0,441,335,487,302,619,276,467,448,299,356,688,482,464,363,482,312,433,218,584,233,333,413
0.7308316869283655,11,0,431,349,310,384,289,338,497,513,606,293,383,97,444,224,566,327,396,351,287,341,549,380
0.4155415248137003,11,1,386,429,229,383,611,510,335,229,441,337,482,449,333,505,235,380,386,322,393,255,381,316
0.6104830798984658,11,1,419,428,346,518,447,480,385,491,218,419,441,565,447,449,534,459,298,398,403,353,333,366
0.9623469312710909,10,0,469,402,411,391,380,514,661,573,526,255,286,337,410,446,360,344,508,437,694,377,382,422
0.2561903251747829,10,1,368,453,326,457,344,476,241,363,326,354,267,376,517,468,561,436,204,414,432,612,332,466
0.429052538771021,11,0,388,368,435,616,430,103,488,365,311,415,411,408,250,404,342,324,395,303,474,458,444,316
0.038633638217318356,11,0,346,317,194,180,398,222,302,300,243,276,301,287,377,468,196,318,454,205,338,527,208,384
0.5744198783040992,10,1,412,433,447,343,393,497,453,353,344,352,485,245,316,436,372,594,489,380,379,515,245,466
0.3773238785555141,10,1,381,437,351,342,357,515,412,460,176,458,162,450,444,458,276,510,375,408,494,430,688,270
0.7961608583201397,11,0,437,340,526,322,407,404,562,383,647,315,449,271,342,139,210,393,417,347,339,438,427,445
0.6160694369371452,10,0,420,372,452,510,401,391,372,261,514,515,346,202,306,376,529,321,513,524,446,358,508,425
0.17952062176183714,10,1,360,463,301,527,329,364,474,402,259,520,367,369,306,388,350,499,192,438,202,499,373,391
0.11863973354794799,11,0,354,328,294,170,494,354,549,254,318,432,306,406,410,367,526,239,211,397,468,391,226,287
0.3926796411058334,10,0,382,372,226,284,427,461,366,330,337,394,293,427,520,478,432,284,177,395,365,437,506,271
0.6445426044554597,10,1,422,439,286,420,506,761,285,431,423,493,363,525,437,405,210,540,456,424,298,574,507,494
0.717872361177598,11,1,436,423,490,602,657,482,419,543,508,520,377,288,359,373,473,435,433,299,542,223,386,372
0.21801210339475907,10,1,364,458,428,425,361,544,323,479,285,319,377,470,403,564,311,543,314,445,329,576,497,378
0.38908989528540283,10,0,381,372,308,455,375,387,346,657,319,295,339,356,430,426,464,484,422,469,494,214,350,452
0.4686019965574578,11,1,395,430,409,535,567,393,617,452,345,368,382,473,348,548,429,409,446,498,310,413,389,338
0.2924645632504048,11,1,366,423,538,597,461,322,367,401,461,321,287,514,370,371,406,510,307,295,435,397,474,387
0.8639510839998797,10,1,444,469,509,545,450,398,446,427,388,338,307,457,316,444,474,499,435,583,428,397,431,549
0.896893893669872,10,0,461,394,483,470,429,143,428,290,466,292,281,445,309,291,462,408,341,435,455,424,563,539
0.9574758420507875,11,1,468,399,505,404,504,494,459,267,288,522,586,556,437,453,511,447,481,404,422,355,572,506
0.043942090375040155,11,0,347,318,365,392,176,269,407,322,350,422,420,412,257,310,429,351,547,277,413,434,299,401
0.3249777848963268,10,1,375,444,273,441,538,490,438,475,250,290,293,285,267,352,314,494,306,427,388,621,385,332
0.324405756782157,11,1,371,425,470,438,442,464,401,333,520,522,345,461,273,334,272,345,363,455,438,370,362,439
0.08205275139673351,10,1,351,477,550,378,438,427,283,567,432,582,457,668,375,663,334,337,327,331,487,492,470,365
0.1638435872844961,11,0,359,334,184,248,353,307,499,267,387,389,361,125,340,430,250,345,404,263,405,258,436,333
0.8464705511755176,11,0,442,333,507,308,721,341,508,243,570,183,741,489,574,377,566,392,291,374,580,358,518,323
0.419450904571506,11,0,387,367,519,288,422,322,554,382,376,531,312,334,286,317,530,214,308,351,333,305,402,278
0.4531544415227058,10,1,392,431,345,404,570,546,319,486,578,590,416,408,400,377,625,441,272,537,351,363,306,361
0.893681247789411,11,0,447,326,460,343,501,380,489,332,459,403,492,479,412,309,524,256,534,479,365,273,489,396
0.36775093271057246,11,1,378,427,451,383,541,394,448,273,343,390,361,528,331,353,482,452,476,406,485,538,454,367
0.8032130455435774,10,1,438,461,294,526,538,510,406,253,583,361,555,379,478,350,331,485,544,474,442,501,339,415
0.35230239384007267,10,1,378,440,466,494,451,449,250,548,489,479,313,449,217,345,358,437,501,394,250,418,368,418
0.8674716659555485,11,1,457,409,390,537,585,387,366,421,337,249,309,257,492,488,333,318,407,383,512,403,450,224
0.29020629930390207,11,1,365,423,300,184,370,407,437,361,268,583,308,533,425,414,453,359,440,585,279,462,514,521
0.005546795839665997,11,0,343,313,279,373,419,226,352,251,263,337,294,431,509,354,389,333,343,244,389,416,472,183
0.9860657700934397,10,0,471,405,383,403,426,365,452,391,422,403,552,488,520,527,443,380,481,482,402,416,533,502
0.510713946046896,10,1,402,430,501,481,319,440,286,477,290,362,447,327,286,411,323,418,414,374,290,477,445,462
0.7123064717373975,10,0,435,377,427,433,489,540,405,272,412,292,357,316,448,346,372,241,359,271,426,600,344,291
0.731385343587742,11,1,438,422,628,343,516,430,449,309,394,511,525,377,572,260,549,462,366,452,593,316,364,379
0.9472270993621358,10,1,452,481,366,479,377,447,410,569,423,528,421,495,370,587,638,628,422,428,428,674,342,467
0.9985938538647396,10,1,457,488,494,564,326,565,341,378,363,578,405,523,483,489,391,346,241,554,449,246,275,497
0.17690505140947133,11,1,349,414,277,424,387,458,328,391,385,352,404,621,621,409,315,618,377,253,340,438,277,367
0.5828952265277043,11,1,414,429,496,412,428,323,418,356,430,386,427,340,412,444,329,481,527,329,527,389,332,484
0.2429603943112737,11,1,358,420,374,560,224,405,447,405,382,393,412,499,262,419,146,393,278,405,346,391,274,463
0.47421626266755,11,0,396,370,414,240,482,382,286,437,367,379,331,347,453,301,365,456,298,398,384,277,479,506
0.7177936043370535,10,1,429,449,421,649,462,554,438,495,660,510,315,357,339,467,334,549,356,341,477,340,561,343
0.16905032021697386,11,1,347,413,373,391,490,490,256,408,197,546,291,572,298,456,163,305,381,592,290,580,308,468
0.8869168351016576,11,0,446,327,446,445,479,373,462,228,547,273,431,310,555,399,298,442,449,514,572,273,574,241
0.34339056532886936,11,1,374,426,475,569,499,388,202,285,373,454,433,328,712,404,426,378,380,578,381,488,362,340
0.32778926308656553,11,0,375,357,384,396,296,264,378,362,303,337,197,187,391,249,188,260,278,403,343,386,306,361
0.02889448921900606,11,1,330,397,449,407,316,469,406,200,308,431,452,295,317,303,304,583,481,265,315,435,250,514
0.6132855411051522,10,0,419,372,487,382,335,438,391,506,438,267,435,404,518,408,505,240,229,342,421,465,444,511
0.38209607179632266,11,1,380,428,340,607,233,475,376,582,384,372,638,594,413,510,240,435,362,278,212,451,397,465
0.24621803822539268,11,1,359,420,256,264,522,313,230,450,252,478,336,595,483,459,498,327,407,363,385,333,383,488
0.870031520581572,10,1,445,470,436,457,450,496,348,338,280,454,547,577,495,495,276,462,541,545,444,377,263,264
0.08456822487815341,10,1,351,477,406,255,33,335,287,477,355,572,329,282,406,413,501,388,168,611,449,501,434,459
0.2245632780182032,10,0,355,382,233,394,309,339,238,459,325,411,356,328,493,482,314,408,318,300,306,375,400,451
0.8395349308097865,11,1,454,412,626,433,575,317,369,370,515,324,468,450,449,451,552,515,401,281,473,581,384,291
0.8624043163007784,11,1,457,410,315,368,554,508,451,471,452,412,448,475,285,608,403,358,373,337,519,267,410,325
0.8654226726664764,11,0,444,330,499,543,356,339,352,295,334,286,323,447,354,437,582,363,331,322,360,434,411,310
0.6168613954444117,10,1,418,436,373,375,362,567,471,446,379,258,371,465,449,448,501,505,486,527,607,300,423,421
0.0772104891214167,11,1,336,403,368,364,275,490,357,468,385,414,256,361,336,384,442,163,233,528,101,588,373,490
0.21334199763074402,11,0,364,341,438,159,417,367,472,469,353,291,335,217,393,449,471,284,349,306,267,272,202,392
0.2941084008261031,11,0,372,352,424,279,269,335,420,407,492,87,482,405,418,391,84,167,543,342,406,356,303,422
0.6745042100916958,10,1,425,443,239,385,428,305,346,478,444,454,541,295,453,396,583,571,457,336,462,498,272,495
0.2024939899752526,11,1,352,416,446,384,166,489,444,372,375,388,161,530,383,417,524,429,306,383,282,257,261,468
0.8488833327275358,10,0,455,389,355,485,423,285,387,490,563,480,445,390,516,408,450,373,398,496,446,479,511,276
0.3658684114957621,11,1,377,427,472,489,454,496,313,386,525,483,354,302,447,413,296,464,372,417,105,345,347,528
0.4063719778534681,11,1,384,429,295,661,322,436,380,292,590,393,300,358,212,385,399,338,440,413,212,549,350,439
0.7108788095029107,10,1,429,448,569,560,357,593,476,458,368,277,347,244,416,495,398,641,454,548,714,481,481,439
0.744173187821536,11,1,440,421,466,363,354,530,684,502,301,445,627,473,319,470,520,584,379,487,581,582,323,474
0.22078370975774586,10,0,355,382,354,385,314,335,402,254,599,414,299,347,372,264,337,338,191,426,219,297,313,403
0.89244622169803,10,1,447,473,456,521,355,417,412,546,378,512,453,380,478,499,363,527,513,399,410,439,534,605
0.455704083717583,11,0,393,369,398,172,364,447,311,337,379,426,477,307,350,438,448,419,200,465,210,419,491,334
0.2938545770224026,10,1,372,448,524,569,475,483,392,247,377,577,340,383,369,390,334,331,270,384,235,229,428,395
0.9512734621693572,10,1,453,481,431,396,396,550,384,491,424,342,418,349,569,504,502,513,499,399,477,426,542,491
0.45133662463956425,11,0,392,369,443,441,484,544,376,534,277,233,330,166,607,383,369,418,450,469,463,372,319,185
0.6423718025525762,11,0,422,361,592,387,660,321,405,582,312,397,458,323,490,97,433,451,422,311,471,387,307,421
0.5064044434753078,10,1,401,430,350,558,485,295,288,528,328,501,433,389,359,271,233,551,420,430,577,330,371,405
0.4216429678651681,10,0,387,371,341,503,410,312,367,295,394,475,349,321,384,426,453,158,221,413,483,415,379,345
0.7441692737665294,11,1,440,421,533,340,471,422,273,419,549,437,278,321,465,436,419,303,472,381,567,444,548,387
0.005893809757798629,10,1,343,487,403,427,544,414,385,437,167,651,558,456,360,472,183,540,405,439,234,336,307,473
0.5475657160041454,11,0,408,369,317,383,272,170,617,292,274,307,455,163,442,355,377,290,375,294,523,513,526,362
0.6026820325543457,11,0,416,365,205,152,499,353,363,524,359,425,506,205,356,389,418,333,449,567,286,301,520,428
0.5957381185604551,10,0,416,371,573,354,418,378,475,341,280,366,431,499,514,394,441,304,406,376,468,417,401,250
0.9015880542608247,10,1,448,475,363,355,470,540,354,449,577,454,415,351,306,432,512,582,399,532,451,428,464,585
0.14961851775238955,10,0,345,389,390,482,362,286,382,539,423,304,497,82,444,411,352,509,397,558,206,346,410,504
0.7002825368302703,10,0,433,376,464,383,586,474,477,445,458,248,257,400,398,429,250,527,286,419,449,514,436,331
0.24168760354382524,10,1,367,455,422,409,351,356,351,560,425,373,300,549,368,431,443,291,478,316,243,455,172,386
0.8353275329822325,10,0,453,387,542,373,503,355,502,317,429,376,365,278,381,368,560,392,335,401,591,364,405,346
0.3305572946253468,11,0,375,357,312,539,476,291,394,398,321,145,264,422,354,472,635,226,193,428,428,507,300,470
0.008417911564992275,11,0,343,313,336,363,328,329,283,306,255,125,401,255,98,193,343,328,452,316,295,328,291,231
0.250708192004937,11,1,359,420,235,261,513,478,312,443,337,499,560,276,113,622,362,450,337,497,362,235,344,525
0.3751137996618973,10,1,381,437,341,353,304,453,84,541,386,668,414,592,331,541,338,446,324,311,329,497,429,416
0.7180162180103115,10,1,429,449,599,502,414,381,472,439,445,473,335,506,526,313,346,465,355,619,484,152,412,405
0.030453106241476346,10,1,346,484,258,497,386,480,208,679,358,402,330,480,364,210,357,577,325,344,231,525,423,540
0.1522495148927977,11,0,358,333,440,644,329,375,400,390,472,105,540,120,414,281,267,376,47,390,350,240,324,485
0.6505741558569039,11,0,423,360,301,216,443,386,497,232,322,416,454,472,552,381,411,398,442,478,461,395,496,278
0.05200319410430554,10,0,333,400,300,406,297,307,387,462,278,258,562,369,132,423,300,589,275,383,233,323,257,442
0.32393338947732664,11,1,371,425,195,547,459,361,545,508,356,476,712,441,507,367,373,377,360,372,261,640,265,605
0.3160887898085303,11,1,369,425,418,334,378,403,294,562,296,502,518,436,373,462,148,461,260,316,284,476,355,445
0.34489611008740895,11,1,374,426,268,458,231,330,494,380,679,367,230,505,431,431,360,538,445,335,374,529,445,301
0.013043847996131008,11,0,344,314,244,337,425,398,478,340,394,305,276,326,286,313,396,438,289,276,293,381,355,240
0.8620727398121724,10,0,457,390,453,475,513,363,507,458,429,500,500,329,275,315,416,349,413,372,498,408,565,526
0.7734879888555987,11,1,444,418,565,444,455,234,326,523,401,298,376,357,269,271,538,301,430,443,523,321,323,418
0.8114394223763295,10,0,450,385,428,346,597,448,450,368,454,379,348,475,510,338,764,455,432,446,448,409,478,354
0.20752396333710177,10,0,353,383,236,423,382,513,256,325,432,402,466,425,270,315,340,543,189,462,268,444,376,426
0.46269695043466963,10,0,394,370,431,363,513,522,365,325,309,354,462,447,372,615,265,345,255,380,370,319,425,582
0.8995526477910204,10,0,462,394,508,572,451,450,383,209,564,478,504,400,362,204,650,380,517,130,429,243,596,197
0.39989457675361206,11,1,383,428,443,471,412,578,313,343,296,405,447,495,468,305,289,445,326,531,433,314,290,327
0.5725202206676376,10,0,412,371,367,385,293,485,447,459,335,165,281,340,362,279,409,502,549,392,540,475,299,318
0.6282195227266463,10,0,422,373,201,254,413,255,561,350,511,437,397,377,312,525,515,266,376,329,421,350,728,355
0.19920657037420508,11,1,352,416,345,437,368,403,378,313,367,616,242,493,427,567,306,327,226,375,356,438,422,421
0.9425863383710519,11,0,452,320,644,96,642,129,443,202,399,478,331,304,614,280,454,448,458,428,638,457,394,306
0.514155711690596,11,0,402,370,365,343,553,365,446,517,394,241,349,322,445,224,354,675,223,403,331,306,540,419
0.8933915630894275,11,1,461,406,662,356,343,367,421,307,508,215,442,407,254,443,456,262,532,540,445,537,428,387
0.8770314090926392,11,1,459,408,523,482,554,405,366,455,444,502,424,422,467,386,461,582,422,359,417,468,478,356
0.5432786789438817,11,0,407,369,555,517,447,429,388,323,327,356,302,440,403,364,320,333,241,208,453,153,314,221
0.1317685588501185,11,0,356,330,222,187,161,220,503,355,295,411,589,353,258,173,452,178,315,234,366,286,293,189
0.01666325319651729,11,0,344,314,347,230,252,424,356,423,262,328,461,372,187,340,353,379,322,293,269,120,352,226
0.3468202740258173,11,1,374,426,446,392,479,650,481,394,265,476,402,544,412,376,394,350,441,349,384,277,456,369
0.10069879201183785,10,1,353,474,332,355,528,414,334,454,340,440,279,619,392,534,283,712,308,406,501,517,229,518
0.5623651815064,11,1,411,429,525,420,253,204,419,500,292,254,455,547,262,465,544,645,502,552,322,643,307,415
0.8788267808030229,11,1,459,408,583,436,343,513,335,352,312,547,407,423,343,441,493,385,349,587,361,476,316,454
0.5201102118317559,10,1,403,430,537,420,521,462,389,567,379,300,347,430,299,478,347,643,410,417,377,517,389,386
0.6667418370870593,11,1,428,426,543,521,428,318,261,485,414,446,519,364,485,514,509,271,332,500,504,184,490,197
0.8968993198242825,11,1,461,406,455,402,471,511,420,307,631,372,497,266,564,293,519,270,490,513,484,296,364,414
0.3069942958351204,10,0,368,376,240,382,513,294,346,344,325,436,329,427,372,213,420,430,428,510,391,263,307,396
0.5013046103619612,11,0,400,370,325,313,429,281,315,340,412,323,128,548,264,408,491,438,233,496,439,571,305,351
0.9622828095457469,10,1,454,483,377,469,522,620,512,462,537,335,335,403,480,241,349,258,508,568,437,372,526,330
0.7717838335417279,11,1,444,418,500,505,394,473,358,492,303,357,359,433,447,145,368,479,343,451,479,66,279,540
0.12223392474449757,11,1,341,408,271,430,362,734,414,427,197,694,251,339,412,369,399,319,468,480,333,363,383,344
0.03118541175870493,10,0,330,403,261,251,360,302,343,321,312,334,391,534,451,456,293,343,365,572,271,285,358,432
0.49515854049953434,11,1,399,430,540,506,343,439,422,561,638,598,422,304,445,441,467,630,364,467,408,341,422,387
0.6769235713337792,10,1,425,444,447,549,392,432,358,433,462,415,342,561,503,433,247,369,442,409,478,568,501,312
0.7793228562366399,11,1,445,418,412,461,494,427,334,445,549,425,435,465,523,426,350,407,469,433,614,514,376,519
0.05812513565730748,10,0,333,399,494,625,487,75,408,391,338,330,549,420,463,483,362,488,467,217,374,331,407,317
0.16842263764289678,10,0,347,387,149,201,256,459,373,369,241,438,297,175,228,273,252,597,285,462,256,462,446,259
0.49252769790995987,10,0,399,370,438,371,302,563,304,384,364,310,374,326,364,522,433,314,334,467,536,403,363,235
0.12156775952148668,11,0,355,329,411,277,249,361,326,234,444,329,379,232,347,268,470,281,487,297,428,400,356,353
0.6459334152640288,10,0,424,373,516,610,487,552,399,306,413,172,391,350,412,443,518,391,529,219,490,524,443,304
0.8430025146737519,11,0,442,333,449,255,575,285,695,170,443,344,594,432,482,394,544,302,332,281,329,277,90,374
0.9294938894151908,11,0,450,322,534,183,303,423,600,347,500,343,445,246,638,392,502,329,382,362,570,394,377,550
0.5980750757558843,11,1,417,428,322,528,524,493,328,516,487,605,324,564,478,515,455,445,678,562,376,528,602,409
0.4752280812899188,11,1,396,430,314,396,456,388,335,430,399,412,345,631,282,567,439,405,341,454,464,602,440,250
0.9048921039765411,11,0,448,325,341,289,477,302,485,249,447,295,587,179,456,369,381,230,500,429,581,504,643,327
0.880530785577767,11,1,459,408,468,462,438,493,300,638,395,394,440,222,465,313,327,479,450,548,395,322,293,352
0.5278363240083114,11,0,405,370,404,408,282,356,476,479,408,255,585,258,327,388,409,458,430,450,430,289,371,320
0.7056132905902732,11,0,428,352,537,311,405,289,471,326,419,172,610,379,412,362,307,409,460,236,625,223,424,444
0.17434632730861488,10,0,348,386,478,314,226,478,417,332,295,477,305,290,333,282,422,542,314,382,187,438,374,347
0.04508259306449203,11,1,332,399,317,426,264,524,177,446,241,221,342,539,329,486,269,299,337,329,201,338,320,433
0.39585094741650906,11,1,382,428,261,284,443,569,458,600,464,347,417,448,399,425,275,505,432,384,279,444,399,373
0.43939853218268554,10,0,390,371,370,218,227,408,421,293,411,237,272,332,490,570,339,379,159,281,255,454,386,483
0.41951255961924705,10,0,386,371,520,239,285,419,327,285,436,272,389,607,204,291,288,461,279,169,435,377,326,263
0.20459798226041104,10,0,352,384,124,248,434,328,489,398,344,496,334,291,466,321,277,470,361,277,362,410,384,335
0.41645784780422723,11,1,386,429,479,583,443,409,528,586,246,394,411,565,250,448,442,268,524,350,349,393,561,295
0.6421479856933877,11,1,424,427,528,282,492,453,470,496,324,400,321,407,438,446,330,182,541,290,467,419,465,512
0.7978912662577303,11,0,437,340,381,211,431,314,568,316,404,481,410,287,452,369,612,262,450,358,357,565,330,439
0.4959323236397377,10,0,399,370,391,323,427,363,336,330,662,362,229,401,410,418,412,353,432,306,491,343,542,381
0.7962971837954945,10,0,448,384,475,346,431,361,408,401,362,422,387,258,595,361,463,267,355,431,481,427,489,295
0.9369894850095393,11,1,466,401,513,312,313,220,527,442,375,587,280,559,395,582,424,184,514,427,385,171,481,369
0.6692598745063899,11,1,428,425,457,458,475,507,457,451,486,500,482,549,348,520,348,378,531,491,258,577,337,395
0.6202488882625308,11,1,420,428,431,367,577,448,468,440,427,262,689,437,391,380,398,384,308,451,431,325,410,398
0.49664644387418455,11,1,399,430,245,282,310,472,409,617,398,472,500,360,355,499,420,282,58,315,449,261,261,331
0.5345173755860648,10,1,406,431,296,420,414,466,433,338,331,405,293,426,283,374,366,461,441,358,494,443,332,400
0.6514736505693095,11,1,425,426,412,208,487,428,345,466,396,414,366,461,412,300,319,502,361,388,537,597,558,341
0.7088673210193807,10,0,435,377,357,308,400,378,461,477,312,398,556,357,414,416,447,353,427,449,297,439,633,483
0.6405332671310161,11,0,421,361,386,396,279,396,389,378,458,392,535,434,277,459,412,431,241,443,562,390,372,374
0.1498067640758427,10,1,357,468,197,298,302,554,139,622,428,352,407,491,335,434,455,520,246,547,364,474,444,590
0.5412414118963428,10,1,407,431,355,389,509,414,619,233,389,325,543,431,445,396,378,512,185,421,471,496,334,355
0.39985623217763444,10,0,383,372,520,532,475,464,400,388,596,149,490,196,566,361,539,256,273,319,392,388,259,377
0.2543727207816917,11,1,360,421,285,234,323,620,500,556,453,413,371,653,330,448,197,380,480,522,371,418,249,430
0.4107859732047081,11,1,385,429,375,401,431,313,286,437,428,439,375,581,247,382,428,187,401,475,317,621,375,315
0.3096984786255206,11,1,368,424,189,495,222,310,338,258,506,382,442,411,320,471,367,494,207,585,543,327,503,431
0.760236024631218,10,1,434,455,291,422,502,489,455,375,530,433,518,472,616,496,364,484,368,303,114,658,214,441
0.8870964310656059,10,1,446,473,560,531,417,536,350,549,382,439,358,408,166,465,476,465,420,419,438,385,442,475
0.2355887136538407,11,0,366,344,396,360,415,484,209,349,381,305,428,366,278,395,222,401,383,390,510,265,319,428
0.025700464098585063,10,1,345,485,299,607,431,408,383,418,350,458,276,644,262,465,397,564,376,525,420,493,404,345
0.56294194941636,11,0,410,368,274,410,618,188,247,391,421,312,417,226,583,252,323,265,382,272,309,265,251,446
0.4587933665488845,11,0,393,369,519,381,507,352,326,590,267,371,259,446,644,365,316,375,342,506,345,546,463,393
0.8501842253568729,10,1,443,468,596,513,445,416,562,508,429,462,440,390,366,470,364,641,449,449,456,411,587,337
0.2062406797803501,10,0,353,383,349,334,364,640,318,323,459,266,262,493,364,342,326,375,482,372,325,190,425,394
0.8875855812491462,10,1,446,473,449,399,363,535,488,343,478,320,347,480,500,424,307,573,342,588,471,331,405,562
0.5929689924768441,11,1,416,429,398,408,330,388,289,365,423,472,342,585,357,485,502,311,567,619,407,436,548,418
0.8007973585566907,10,0,448,384,570,446,335,514,268,442,522,461,437,416,453,550,354,299,525,456,577,507,470,551
0.37117172532847986,10,0,378,373,414,237,243,516,385,257,258,577,360,466,387,526,374,274,459,451,438,552,359,449
0.8321429877608044,10,1,441,465,409,493,484,518,498,522,489,298,380,446,308,465,438,708,514,593,369,437,560,486
0.7667171217091863,10,1,434,456,346,407,397,764,372,515,285,407,286,462,348,431,417,522,331,502,434,569,384,544
0.9486558996093134,10,0,467,400,503,398,467,459,383,530,694,419,584,551,573,388,478,465,381,403,499,378,412,358
0.3806100312814583,10,0,380,372,400,414,434,411,381,390,585,262,415,443,273,296,453,270,428,495,252,491,274,269
0.7975574925752995,11,1,448,416,467,522,420,380,379,358,419,551,458,433,434,331,461,322,518,330,467,366,316,364
0.9186789949571003,10,0,464,397,418,449,407,423,389,512,314,465,376,368,424,386,401,193,375,226,402,369,653,420
0.0447503054260433,10,1,347,482,248,575,370,569,319,605,186,330,293,463,313,542,259,552,318,477,354,546,491,509
0.4595854547881899,11,0,393,369,415,236,426,431,413,509,443,351,348,431,552,554,316,510,353,417,578,386,378,490
0.5230624463867505,11,1,404,430,469,324,356,446,503,503,464,284,559,490,235,451,299,507,494,499,551,382,510,408
0.0801319139746074,11,1,336,403,391,400,429,408,356,312,239,576,268,537,168,416,275,415,215,605,304,550,255,461
0.17439617815328246,10,0,348,386,527,318,224,430,378,245,459,301,364,268,199,375,323,681,256,464,418,592,391,226
0.025720616640658056,10,1,345,485,327,455,225,398,234,479,476,301,327,517,468,563,55,362,355,522,185,656,335,564
0.8876502385058277,10,0,460,393,639,244,562,545,521,372,511,462,379,509,509,297,467,415,491,419,633,414,523,339
0.09270290845749463,10,1,352,475,214,648,188,419,309,621,403,611,297,469,364,388,468,509,300,558,363,317,218,477
0.9016453526695978,11,0,448,325,354,350,308,352,547,522,368,302,410,370,756,244,621,247,504,245,470,536,496,435
0.020837931689531075,10,1,345,485,478,458,211,433,115,399,394,401,442,455,330,543,209,413,456,272,352,450,242,483
0.2704117081317906,10,1,369,451,401,449,335,315,351,429,402,467,344,406,423,518,411,310,335,267,417,577,322,539
0.9374988636436105,11,0,451,320,149,465,393,327,481,363,314,341,326,450,546,381,290,175,441,286,438,139,426,294
0.4591704498885032,10,1,393,431,235,390,393,486,350,453,318,453,295,400,472,332,466,619,447,266,378,353,404,401
0.0711362029601561,11,0,350,322,539,368,413,316,292,333,332,344,461,361,410,332,399,444,578,490,336,390,350,309
0.6158686852047716,11,1,420,428,537,539,277,359,557,516,368,230,209,344,296,694,461,455,499,472,222,555,255,433
0.7467716372327697,11,1,440,420,318,572,379,417,361,305,513,493,465,428,505,377,395,421,457,262,476,524,380,384
0.3683808031348781,11,1,378,427,324,477,115,490,298,356,488,452,490,243,298,301,464,482,398,351,209,418,307,452
0.780808400350649,10,1,436,458,408,434,292,575,470,341,327,458,245,645,466,355,374,515,391,515,267,466,431,509
0.5478858739345102,10,0,408,370,448,340,568,366,378,449,500,273,437,520,576,368,482,507,583,255,371,393,302,381
0.56061712388777,10,1,410,432,509,351,396,508,464,497,417,467,313,411,320,558,599,252,462,454,275,559,438,459
0.9259842151411735,11,0,450,322,394,278,614,228,499,334,485,463,419,315,426,444,363,345,476,241,650,401,465,344
0.45357451006170246,10,1,392,431,376,473,300,549,220,393,389,467,512,454,423,255,428,630,331,504,310,375,351,170
0.4109070493448316,10,0,385,371,349,250,370,460,331,473,577,460,262,224,335,288,390,285,441,399,549,249,297,244
0.13375876161124256,10,0,343,391,350,455,470,322,379,294,265,451,381,287,281,361,483,425,235,430,307,374,455,593
0.4318492440094378,11,0,389,368,240,489,409,448,461,288,362,338,359,353,452,367,390,168,537,177,472,325,364,177
0.17772762023494382,11,1,349,414,244,425,237,213,388,419,316,553,521,576,327,484,362,405,518,506,339,266,383,328
0.1537101385921843,11,1,345,411,344,373,310,426,251,317,378,535,621,336,381,292,294,451,370,401,311,456,520,422
0.07974086528377289,10,0,336,397,393,500,334,539,326,452,215,338,433,353,268,474,268,334,262,427,352,279,216,263
0.788647634772129,11,0,436,341,401,347,485,48,409,236,421,366,410,311,459,262,261,461,681,352,361,198,490,385
0.04287839476248323,10,0,332,401,410,207,48,485,338,411,208,448,208,596,275,447,327,398,392,582,409,261,518,461
0.7502161743458691,10,0,441,380,380,387,500,356,419,389,724,296,205,458,368,416,451,394,491,362,574,460,544,211
0.10408631310512961,10,1,353,474,363,422,348,457,276,479,387,487,340,350,344,452,462,635,374,368,190,569,256,453
0.5197028819946039,10,1,403,430,481,457,255,522,473,494,296,513,368,463,463,517,636,401,592,371,511,554,171,596
0.7389572563552724,10,0,439,379,258,512,375,313,500,502,389,147,306,450,337,514,453,278,497,151,465,477,453,169
0.6417234497022151,10,0,424,373,395,187,435,287,418,491,590,421,443,538,504,295,257,374,352,220,632,513,519,429
0.45578136647408396,10,0,393,370,438,451,316,323,480,360,412,577,561,347,594,430,379,270,487,388,437,257,522,370
0.8010609181655834,11,1,448,416,565,372,471,416,540,496,326,277,492,450,534,428,739,475,383,336,609,556,501,261
0.2379168583741873,10,0,357,381,397,218,539,437,332,404,329,527,187,317,234,340,345,468,350,393,594,490,466,321
0.017547447052473686,10,1,344,486,167,472,419,504,445,544,432,538,455,565,418,557,261,515,459,603,297,481,219,542
0.012352530040865006,10,1,344,486,436,455,151,676,424,388,307,574,413,545,322,426,219,510,332,563,221,524,120,421
0.5656117265089944,10,0,411,371,563,348,599,313,239,279,462,416,400,308,439,264,335,532,399,349,449,622,395,391
0.29240367217722696,10,1,372,448,274,548,193,496,412,339,388,223,405,318,241,411,373,530,406,429,341,550,252,538
0.07617280030823248,10,0,336,397,327,333,356,417,202,460,241,164,243,451,337,400,576,404,324,305,367,429,189,536
0.5314549509781311,10,0,405,370,578,228,451,390,358,402,308,107,402,316,422,412,286,303,357,266,547,367,525,198
0.9673047652573018,10,0,469,403,624,238,459,415,511,409,506,272,470,292,468,209,383,197,536,579,514,331,423,303
0.19188808678846048,10,0,351,385,501,323,464,584,238,377,250,392,263,294,415,367,367,356,543,393,480,557,364,482
0.5409588452630735,11,1,407,430,589,291,349,333,489,332,357,691,307,515,528,468,466,395,304,503,372,280,443,306
0.7490085437831355,11,0,432,346,438,479,467,120,410,410,532,344,412,312,489,355,416,302,389,311,416,311,421,276
0.718629082149211,11,0,429,351,584,162,463,208,519,373,317,298,499,234,441,325,378,458,580,378,383,377,410,429
0.26635046499745363,10,0,362,379,558,456,316,250,439,460,681,406,360,464,433,354,431,266,433,273,231,317,295,189
0.5304170757968987,11,1,405,430,495,424,246,408,185,216,353,398,361,437,427,550,489,418,346,390,487,534,317,518
0.9202778232582838,11,1,464,403,427,353,423,383,569,272,590,385,556,457,382,317,353,293,487,134,656,449,360,332
0.15771198038914536,10,1,358,466,526,454,493,458,343,404,382,444,413,580,167,418,500,397,326,567,298,487,381,582
0.6602761707978615,11,0,424,358,438,216,531,437,517,512,527,302,464,192,389,327,306,411,375,469,158,195,531,310
0.28599530349508895,11,0,371,351,619,283,214,276,188,261,409,252,340,263,354,363,389,400,356,352,245,433,462,443
0.7986268151012795,10,1,437,460,544,505,315,401,552,291,684,259,212,480,348,519,500,644,284,279,419,342,486,450
0.13494236030181606,10,0,343,390,620,279,184,356,231,252,302,469,255,354,279,491,448,397,313,208,224,422,358,480
0.5568114749901851,10,1,409,432,468,296,387,431,397,442,369,490,442,332,440,609,361,447,398,388,212,429,450,433
0.6087202294625746,10,1,417,435,404,169,434,429,364,385,447,313,505,337,313,495,331,505,333,531,544,461,420,525
0.7384507510434073,10,1,431,452,365,436,385,459,447,456,223,281,326,576,548,475,412,343,533,551,558,377,462,403
0.2600658612406701,10,1,368,452,439,465,248,263,389,303,410,735,290,273,355,444,457,563,233,409,587,211,379,415
0.6597643714973386,10,1,424,441,531,469,276,517,632,287,219,496,400,447,356,476,472,527,434,384,466,454,512,350
0.5089799929290817,10,1,402,430,436,661,543,397,399,287,437,474,342,496,230,459,265,358,334,356,337,519,469,518
0.7673002613092224,11,1,443,419,536,531,418,539,413,403,595,509,416,497,376,271,466,394,363,237,553,443,305,387
0.11643894920056397,11,0,354,328,364,273,316,445,315,349,236,342,419,412,287,292,474,283,349,190,347,342,164,465
0.8788962555663944,10,0,459,392,447,262,518,304,374,219,577,318,505,246,361,467,363,412,435,405,510,418,363,303
0.8454569508786246,11,0,442,333,440,357,279,211,394,98,455,373,508,377,342,447,483,381,426,326,455,327,460,408
0.7179789368590391,10,1,429,449,559,465,435,381,374,457,217,521,332,544,440,496,527,553,500,481,320,434,318,640
0.29164119364453167,10,1,372,448,270,344,239,369,436,397,366,242,429,287,357,509,519,402,412,517,343,484,393,411
0.6683713622751213,11,0,424,357,296,525,357,364,523,392,422,433,376,276,484,95,502,318,459,367,551,382,489,434
0.48997316189313866,11,1,398,430,248,179,455,401,596,404,384,353,265,589,636,598,296,489,270,329,436,372,363,446
0.018594711281159082,10,0,329,405,196,365,374,371,66,381,307,207,380,450,193,419,351,414,611,289,358,432,348,332
0.056386986038870046,10,1,348,480,393,410,405,570,180,528,425,633,207,462,208,376,312,581,372,393,396,406,362,561
0.9580621685071546,11,0,453,318,613,253,583,302,409,319,376,125,483,175,520,354,457,302,503,389,331,402,411,226
0.7234539434895328,10,0,437,378,411,404,482,417,346,478,215,476,267,115,419,428,420,337,564,354,416,271,428,240
0.8282092351082742,11,0,440,335,522,331,327,233,491,253,602,318,306,482,378,433,365,275,469,364,380,400,484,192
0.6317620858511969,11,0,420,362,496,574,276,668,259,397,226,421,579,326,391,403,644,278,396,520,417,220,524,210
0.5708063013296993,11,1,412,429,319,598,576,395,425,304,300,532,399,521,449,397,332,527,282,381,470,566,348,408
0.6216854658306221,11,0,419,363,451,301,507,307,485,198,452,446,508,357,349,181,405,352,344,416,446,407,450,401
0.7518544851999052,11,0,433,346,339,389,435,329,552,490,497,331,405,382,356,324,464,236,518,357,581,469,489,357
0.3214730188929016,11,0,375,356,485,471,284,265,488,396,154,155,445,220,344,445,333,307,366,537,350,253,321,377
0.08230209630479113,10,0,336,396,214,399,347,487,210,393,455,404,319,565,582,427,345,455,375,315,163,613,429,357
0.5547084928812223,11,0,409,369,478,383,522,318,307,358,512,278,453,459,238,280,451,381,318,405,313,325,453,279
0.6718950645736994,10,0,429,375,283,356,427,354,398,144,467,389,388,582,677,136,458,367,503,436,279,484,347,596
0.8720517334198157,11,1,458,409,494,527,438,711,401,483,264,522,341,455,440,460,313,457,418,264,454,344,357,284
0.570978705390803,10,1,412,432,430,520,322,504,358,457,486,406,336,309,469,367,400,274,179,385,437,488,316,457
0.45403296772819446,10,1,392,431,332,206,462,511,298,343,408,457,498,391,356,497,251,539,387,500,439,407,698,415
0.9992654906108963,10,0,473,407,521,197,509,328,576,149,472,406,567,403,440,429,391,424,448,301,475,346,505,122
0.08406379084916094,10,0,336,396,356,358,159,360,302,463,411,224,384,358,289,403,424,475,388,443,297,517,485,408
0.7060773871654287,10,1,428,448,386,512,382,313,525,498,540,483,403,341,507,588,420,325,445,547,519,429,500,508
0.06889346733374524,11,0,349,321,393,384,353,567,204,415,526,480,402,267,419,138,204,544,396,494,521,331,371,388
0.525914395353737,10,1,404,430,356,633,367,514,555,313,469,639,228,457,461,616,389,530,409,543,527,304,383,471
0.9862867969533369,10,0,471,405,654,420,441,365,437,481,351,381,458,247,488,359,556,298,436,370,572,363,463,475
0.784288960643033,11,0,436,341,338,321,610,208,514,369,465,239,465,243,461,314,420,193,548,421,447,374,423,322
0.5829868845004962,10,1,414,433,468,346,444,219,291,334,385,596,247,399,353,405,346,415,467,388,299,469,245,493
0.9819602764965706,10,0,471,405,626,322,357,420,477,430,389,302,475,417,623,366,327,134,625,217,378,466,605,436
0.27209327814469564,10,1,370,451,486,429,226,375,234,312,280,350,372,330,374,368,263,512,406,448,437,470,388,501
0.6082744456768633,11,0,417,365,455,241,404,153,462,378,312,307,586,261,489,354,483,336,449,334,315,203,456,411
0.6434535500805018,11,1,424,427,513,412,389,476,500,621,439,427,455,528,418,300,508,642,387,380,351,430,243,356
0.8914067353240356,11,0,447,327,539,208,563,220,569,540,388,332,508,371,399,388,468,343,490,291,532,198,451,172
0.6381897288663845,10,1,421,439,287,444,369,587,363,565,465,345,409,391,454,308,380,523,328,612,309,460,441,351
0.13498969390267113,11,1,343,410,354,370,208,323,433,541,518,301,426,343,484,364,260,374,511,375,227,433,474,382
0.34883473885440486,10,1,377,440,338,457,437,585,330,300,473,604,379,416,358,469,398,469,466,588,365,603,406,345
0.7824660942732459,10,0,446,382,406,416,505,351,357,347,527,289,506,440,367,339,475,412,469,451,421,431,268,336
0.6071890324219038,10,1,417,435,387,376,315,371,524,444,357,460,322,454,142,373,343,369,528,430,448,287,407,491
0.804039635213689,10,1,438,461,367,509,493,468,509,335,556,433,413,605,434,500,380,517,424,502,516,365,350,288
0.0683102967744933,10,1,349,479,370,363,499,438,276,665,363,483,448,485,481,379,271,445,428,504,261,713,409,195
0.3952119316552859,11,0,383,365,131,45,395,453,338,390,291,395,380,468,330,329,369,395,377,414,330,392,416,235
0.9638084976430202,11,0,454,317,408,278,486,297,358,395,374,31,368,360,384,239,551,371,184,313,488,417,430,287
0.9323627303962194,11,0,451,321,494,216,341,349,319,250,504,306,585,504,403,433,601,226,542,499,506,299,336,285
0.8825473464504439,11,1,459,408,457,619,381,320,536,326,333,272,459,443,360,433,363,358,459,523,512,515,365,356
0.7704329273588792,11,0,435,343,174,426,415,293,560,248,440,492,379,539,530,479,549,252,414,390,496,340,531,427
0.5237685644138315,11,0,404,370,403,399,263,309,344,398,276,503,414,370,485,231,297,296,452,328,391,404,542,324
0.1528489477764382,10,0,345,389,410,317,318,207,238,506,261,484,304,368,309,431,368,282,499,321,540,435,499,469
0.190066405644695,10,0,350,385,287,470,275,275,486,376,250,469,413,258,365,367,352,292,401,289,242,386,302,363
0.39418701113918575,11,1,382,428,397,479,274,639,513,479,456,311,298,357,502,379,330,394,676,513,330,398,539,400
0.6144783776427992,10,0,419,372,354,284,267,338,414,440,478,263,490,562,579,296,485,355,419,251,559,403,300,472
0.01565927341665796,11,1,329,395,354,369,275,437,272,431,432,521,449,381,230,479,297,397,237,342,362,422,234,292
0.11107887444726028,10,1,354,473,301,389,285,556,292,510,496,388,458,491,291,256,245,553,278,399,248,520,316,516
0.9275565556897439,11,1,465,402,393,294,636,432,305,394,445,407,481,292,410,397,282,386,524,440,477,281,444,543
0.8796289489765456,10,0,459,392,555,257,400,234,438,441,502,428,568,468,531,394,461,288,410,442,360,405,528,538
0.7518451718811007,11,0,433,346,345,332,297,525,224,485,532,370,613,443,465,345,364,285,516,399,471,342,359,329
0.3283073292142694,10,0,371,375,379,454,374,253,382,509,347,396,248,169,390,540,430,439,334,209,276,391,308,463
0.0720357893142134,11,0,350,322,307,302,289,178,130,532,238,308,211,268,225,309,377,120,388,317,562,328,415,290
0.35293413773012916,10,0,375,373,231,197,307,282,280,351,262,329,347,385,360,451,545,327,404,340,468,408,352,457
0.6840566871852823,11,0,426,355,465,514,407,476,544,297,456,192,510,558,306,305,293,297,262,415,515,396,337,444
0.1841406588196567,10,1,361,463,357,583,305,418,351,476,246,471,351,373,425,366,285,421,334,326,254,433,316,457
0.7750419735225019,10,0,445,382,458,301,500,694,522,463,253,499,584,415,424,363,445,392,429,434,411,308,384,404
0.5054630901552788,10,1,401,430,222,757,507,608,354,360,452,404,425,331,410,331,340,323,553,359,256,448,453,399
0.5434094143486774,10,0,407,370,484,477,422,320,404,442,485,269,318,198,536,452,389,354,350,275,472,480,309,446
0.6329482762171698,10,0,422,373,387,463,350,440,444,444,533,220,608,369,350,370,414,242,459,286,314,465,435,480
0.7631174290028193,11,0,434,344,486,291,474,228,508,426,434,243,583,316,322,417,381,468,466,420,395,213,462,240
0.21700385700726654,11,1,354,417,386,470,356,320,446,638,510,540,265,522,285,402,328,640,298,423,320,465,508,521
0.3637620135802052,10,1,379,438,437,585,320,471,364,444,303,663,422,385,520,671,418,247,436,446,394,440,246,393
0.2511493144845972,11,1,359,420,315,467,439,293,96,368,480,427,440,436,408,449,196,681,258,386,384,408,318,495
0.3501968025325565,10,0,375,374,259,332,172,476,358,231,520,373,185,329,503,582,381,429,468,450,240,452,396,329
0.5277290729875395,10,0,405,370,426,285,458,374,209,543,366,292,274,564,465,429,366,343,598,284,516,286,504,341
0.016142711021809197,11,1,329,395,286,329,272,281,349,353,332,418,393,434,214,250,407,248,476,254,329,402,165,446
0.6306256976811077,11,0,420,362,378,424,440,303,386,355,283,547,379,295,360,255,448,225,495,412,574,548,475,377
0.45818108523202994,10,1,393,431,279,447,353,311,426,455,435,595,524,569,502,371,509,339,413,410,480,476,427,534
0.2278612470364737,10,1,365,457,308,544,538,418,366,265,410,342,385,403,350,583,321,546,472,391,368,346,393,518
0.13759082527427102,11,0,356,331,503,384,215,412,451,337,318,429,396,408,209,292,307,259,308,247,275,474,441,190
0.8614048209284059,10,1,444,469,526,523,390,450,445,430,337,401,527,521,550,539,430,564,540,385,415,503,498,309
0.7888679445366233,10,1,436,459,435,289,389,625,491,467,414,496,591,561,415,389,426,533,380,457,354,571,482,458
0.8201715650071962,10,1,440,463,409,311,330,340,474,383,414,359,503,502,407,436,363,420,452,549,549,356,411,691
0.03094236590397581,11,1,330,397,267,328,326,443,421,451,290,364,165,454,243,454,362,208,391,370,201,341,250,451
0.958785411243968,11,0,453,318,418,226,404,220,488,192,514,378,560,186,522,272,388,312,568,281,575,334,494,293
0.8480394865460192,11,0,442,333,329,498,352,354,372,251,432,380,403,192,439,300,325,342,486,345,551,400,748,489
0.6057315281807382,11,1,418,428,309,453,391,488,466,224,488,404,340,427,448,475,403,383,372,453,529,341,336,531
0.7489004343479768,11,0,432,346,599,493,463,178,522,413,364,703,320,412,377,619,324,307,465,428,443,256,452,454
0.6504196554582444,10,0,425,374,520,326,364,369,354,450,596,346,557,356,417,288,440,228,451,286,123,308,441,311
0.02396720110833428,11,1,330,396,271,445,344,391,337,486,330,322,218,311,404,229,326,307,414,519,450,395,442,380
0.5245702186946625,10,1,404,430,448,508,332,354,475,563,344,414,327,463,357,199,360,343,573,361,588,449,458,481
0.3351814365204293,10,0,372,374,529,470,372,179,218,143,246,349,253,423,456,396,317,289,514,217,439,524,583,63
0.6135257064170351,11,0,418,364,276,528,305,550,449,250,427,320,433,343,345,355,487,366,445,456,372,430,317,299
0.12371402302959911,11,1,341,408,487,301,94,426,303,352,308,494,391,415,225,355,284,443,216,404,318,245,238,508
0.036187321446028764,11,0,346,317,296,322,379,335,387,395,233,257,122,339,604,227,340,441,293,333,452,291,472,351
0.6540650694980387,11,1,426,426,379,453,504,457,502,557,205,506,484,612,567,449,442,302,531,468,409,228,434,534
0.5149739799710712,10,0,403,370,412,319,201,424,475,382,416,480,404,358,500,304,436,325,355,429,442,452,515,473
0.03356240096951757,10,1,346,484,108,508,449,284,224,334,405,459,452,286,241,366,441,511,310,483,479,531,276,526
0.8916661768515045,11,0,447,327,323,393,580,279,571,300,592,183,588,356,429,390,585,147,377,155,521,402,337,233
0.6404700831986444,10,0,424,373,484,319,196,615,423,473,289,486,344,183,442,456,416,430,261,362,339,365,363,500
0.3105872638903605,10,1,373,445,496,348,489,464,393,642,120,395,369,530,302,357,489,343,372,485,387,373,365,517
0.01049991185748933,11,0,344,313,425,358,409,383,262,397,310,195,273,388,646,360,299,193,414,427,550,325,266,259
0.2990175394290526,11,0,372,353,260,248,237,321,359,405,527,423,430,355,405,451,458,392,363,345,260,291,266,210
0.31774780740728514,11,1,370,425,478,301,123,336,298,486,191,480,268,485,399,337,518,446,267,474,489,404,296,461
0.8556996535622787,10,0,456,389,486,425,492,428,495,365,449,349,612,309,473,348,386,232,526,383,443,410,403,413
0.9988587291358394,10,0,473,407,477,240,418,522,425,444,563,411,356,762,624,329,434,545,520,396,556,487,504,374
0.9395495616419269,11,0,451,320,583,488,413,278,611,344,378,398,438,291,288,462,520,284,512,350,537,496,535,322
0.1597976145440715,11,0,358,334,463,339,275,423,419,361,466,334,437,168,293,392,224,250,259,461,411,311,245,295
0.027228312753813433,10,1,345,484,229,399,360,460,509,645,323,556,309,520,446,374,350,360,436,572,619,603,172,429
0.24602589435422073,10,1,367,454,426,403,429,586,503,313,407,364,401,349,312,333,454,444,247,418,354,503,183,492
0.7560880884056742,10,0,442,380,523,411,424,584,374,245,493,370,493,262,464,438,413,392,489,333,484,522,456,465
0.5641076865611013,11,1,411,429,427,484,338,628,407,448,496,346,516,429,397,407,245,418,471,580,372,284,427,390
0.721876965024168,10,0,437,378,268,329,332,335,691,358,352,438,523,259,385,422,450,398,440,212,585,469,533,447
0.832711041642596,11,1,453,413,331,418,445,489,460,470,498,286,464,352,380,381,530,381,608,435,551,412,427,414
0.7151529475596665,11,0,429,351,651,344,516,352,580,421,415,493,460,281,431,437,237,436,331,236,517,298,506,332
0.25605778338510954,11,1,360,421,229,508,436,155,386,370,367,466,340,543,404,425,331,642,348,322,198,458,358,485
0.8517198296825786,10,0,455,389,333,339,419,360,574,337,557,420,403,190,454,265,534,554,436,366,402,386,467,376
0.49454260622170043,11,1,399,430,314,470,440,438,208,431,390,446,495,534,401,267,273,474,387,589,373,412,385,444
0.002002704829419777,10,1,343,488,200,456,472,458,392,377,471,398,518,465,449,534,114,526,310,401,208,524,389,509
0.5680019460560736,11,0,411,368,338,237,302,242,112,252,479,482,320,415,404,170,447,430,452,264,232,348,267,518
0.5722252046280777,10,0,412,371,370,573,282,234,459,603,315,262,467,292,558,341,550,494,372,506,342,343,494,209
0.2502165743972885,10,0,359,380,414,328,274,418,467,442,414,410,242,261,501,388,302,308,326,362,421,420,380,446
0.555204361613829,10,1,409,431,363,379,322,509,368,363,411,471,511,522,225,564,562,572,396,568,398,303,549,382
0.6441607604530482,11,1,424,427,267,480,416,373,301,328,472,301,523,414,276,382,428,553,434,352,310,348,423,489
0.3544825625790754,11,1,376,427,334,315,587,260,387,356,411,506,275,428,287,572,422,223,241,512,465,452,299,461
0.26589876369037346,10,1,369,452,298,425,450,362,439,475,292,543,213,517,364,456,445,408,472,470,335,368,357,540
0.16037471059517183,10,1,358,466,487,506,383,421,349,465,401,321,379,531,246,569,428,515,374,398,425,540,413,547
0.5033636727400982,11,1,401,430,586,420,510,382,393,507,302,373,555,437,462,390,452,651,372,526,413,464,286,357
0.38660532294589955,11,0,382,364,507,326,484,213,377,512,412,417,421,386,415,507,384,318,460,434,335,298,511,275
0.410853525962688,10,1,386,434,207,495,245,444,332,401,386,432,420,424,346,521,460,325,358,382,73,482,257,552
0.38302868775878807,10,0,380,372,310,296,260,240,383,346,514,354,602,374,216,401,347,160,492,389,260,543,274,369
0.45186463324607584,10,0,392,370,556,689,451,442,378,631,458,383,482,479,439,211,374,379,244,364,484,319,610,350
0.7998987371327175,11,0,438,339,592,306,175,381,469,341,498,478,492,428,519,312,522,245,492,246,551,303,352,352
0.6859122071278069,11,0,426,355,365,379,506,276,547,383,326,284,435,410,351,482,358,401,447,357,528,449,377,177
0.5712830029174805,11,0,412,368,329,197,601,396,286,285,294,413,383,510,419,223,408,296,485,373,620,160,405,404
0.5115247576685098,10,1,402,430,344,510,233,683,380,449,474,339,377,441,258,372,299,520,300,474,360,326,343,437
0.288824130356367,10,0,365,377,270,453,377,311,450,300,364,378,232,498,312,292,459,428,229,255,360,158,276,403
0.7366614549274587,10,1,431,452,479,636,463,500,303,451,134,168,440,294,510,400,538,448,432,661,613,644,376,585
0.12536571718994738,11,0,355,329,455,491,372,278,199,358,527,288,302,487,397,416,390,260,348,406,416,288,401,329
0.6451930524677247,10,0,424,373,399,472,320,435,531,325,463,358,500,271,613,413,401,379,251,489,331,483,518,286
0.044152958539153575,10,1,347,482,191,558,267,554,192,494,303,355,456,369,382,622,349,531,441,447,331,380,432,523
0.817963038448123,10,0,451,386,386,528,544,415,275,315,305,492,521,616,379,220,404,181,447,280,357,333,452,383
0.31755402427984813,10,1,374,445,429,408,430,505,424,402,464,577,353,540,370,424,284,351,403,341,398,506,212,532
0.37223707975930076,10,1,380,437,500,315,295,377,284,471,523,362,572,427,392,598,279,574,458,490,333,341,509,288
0.8828749035060841,10,0,459,392,389,475,466,354,316,221,347,342,492,455,487,534,497,459,376,251,437,486,552,428
0.7089608900496178,10,1,428,448,521,429,486,479,288,261,409,343,333,497,486,461,570,467,460,448,446,499,432,539
0.812869701634092,10,1,439,462,430,429,250,594,460,409,363,497,482,511,454,140,308,509,360,654,482,490,598,404
0.16452845908360647,11,1,347,413,287,476,384,523,276,332,367,431,260,411,433,318,308,259,296,416,376,345,272,381
0.9964162198714824,11,1,472,393,565,431,386,491,389,339,336,386,374,462,448,376,414,382,571,332,558,385,381,316
0.6669732370612064,11,0,424,358,412,195,516,486,417,444,376,491,423,382,650,371,405,289,552,427,541,217,353,483
0.7930593850467256,11,1,447,417,514,426,267,475,608,267,441,400,502,367,499,574,617,421,329,485,462,270,314,377
0.48023319665305286,11,0,397,370,470,432,677,536,389,398,315,261,491,534,350,253,320,518,360,206,366,202,352,209
0.8481903940986868,10,1,442,467,499,580,265,594,410,294,404,487,477,611,255,334,415,545,564,366,560,416,514,623
0.8121901925810843,10,0,450,385,374,305,456,273,313,353,622,510,558,359,439,510,422,152,387,369,407,584,508,493
0.6297951655704358,10,1,420,438,325,496,596,414,306,398,442,444,479,620,602,472,549,359,435,494,427,444,343,514
0.6462901941008743,11,1,425,427,228,338,534,368,495,377,601,396,574,405,384,370,382,339,440,387,501,529,405,372
0.6034915417476012,11,0,417,365,288,282,269,325,489,338,501,240,486,291,304,299,283,254,220,285,371,334,326,326
0.05579685808261914,10,1,348,480,416,421,359,785,408,372,343,448,280,363,350,516,396,475,232,491,320,436,515,241
0.1971216020631179,10,0,351,384,375,556,401,286,453,305,497,201,251,424,421,444,501,453,289,521,362,344,358,350
0.15736346332317896,10,1,358,467,322,604,427,330,305,469,179,503,335,449,296,406,447,631,283,380,294,476,352,375
0.8814342280746557,10,0,459,392,409,336,407,474,455,328,459,274,433,541,477,359,564,248,605,408,437,339,320,487
0.5170743924157801,10,0,403,370,524,170,404,357,707,424,572,329,469,428,163,243,291,344,575,370,525,490,242,442
0.9842287935980056,11,0,456,314,478,367,626,358,527,368,492,216,515,226,517,318,441,539,399,333,554,524,339,220
0.7568629170936946,10,0,442,380,585,433,562,254,510,365,479,365,436,181,497,578,530,326,360,242,487,355,381,473
0.4035868453915511,10,1,384,434,420,453,439,489,391,421,261,571,350,562,477,312,378,363,342,508,293,463,374,529
0.8626599167348686,11,0,444,331,518,338,516,502,573,306,459,299,278,191,404,263,402,326,573,284,561,240,297,234
0.2706074353522715,11,1,362,422,356,194,490,318,508,454,136,390,474,369,284,319,329,530,296,374,426,381,262,516
