TrueLocationParameter,Configuration,TrueModelUpDown,TrueLocationP,TrueLocationQ,P0,Q0,P1,Q1,P2,Q2,P3,Q3,P4,Q4,P5,Q5,P6,Q6,P7,Q7,P8,Q8,P9,Q9
0.8256485699834878,10,0,452,386,406,382,435,377,446,239,436,587,536,400,528,390,414,332,331,393,505,258,575,372
0.8326559863340559,10,0,453,387,416,569,411,415,360,255,433,578,532,179,422,494,414,262,478,247,474,324,413,388
0.30784876357914903,10,1,373,446,95,536,274,354,389,371,483,357,377,255,313,469,205,440,229,113,373,620,590,369
0.2724376421002618,11,1,363,422,348,347,512,425,292,500,346,370,321,528,399,298,537,500,387,386,291,310,391,569
0.13153455451071194,10,1,356,470,406,326,295,307,292,524,376,494,468,463,433,607,351,443,344,415,265,378,251,602
0.3819382666612926,11,1,380,428,326,573,134,647,418,472,262,563,542,390,459,532,462,453,364,345,440,401,402,302
0.28828089601050766,10,1,371,449,240,402,305,552,434,525,267,359,351,530,413,336,348,432,324,513,362,332,249,331
0.05481827962180563,11,1,333,400,230,450,208,512,329,518,409,550,251,477,264,462,208,503,398,386,342,459,223,324
0.5479306603185037,10,1,408,431,214,426,500,419,563,279,609,566,408,505,470,451,356,584,298,423,453,515,465,347
0.47281428740185405,10,0,395,370,398,425,356,422,478,314,430,476,447,358,302,282,345,285,533,329,286,395,358,356
0.10872486306150642,11,1,339,407,511,593,356,509,344,299,323,518,517,450,249,404,337,371,404,476,334,438,359,323
0.4900261420444729,11,1,398,430,459,686,495,533,356,404,455,463,397,387,487,550,229,397,461,540,424,356,329,449
0.3208087530339969,10,1,374,444,320,539,253,623,333,370,245,371,249,518,311,286,372,473,483,450,415,530,373,660
0.9270068156104426,10,1,450,478,463,529,484,393,522,516,363,647,555,382,334,348,298,517,544,435,521,415,460,537
0.5958996309139138,11,1,416,429,512,686,467,327,457,363,509,459,369,529,208,607,387,373,307,533,487,294,408,384
0.5209263610687896,11,0,404,370,280,331,507,289,488,328,380,438,427,364,631,340,499,342,339,408,495,491,299,459
0.749696241491815,11,0,433,346,445,298,283,209,439,357,512,176,347,268,697,321,222,473,424,377,502,307,613,343
0.6280796173687204,11,0,420,362,611,606,331,495,396,344,529,511,325,195,354,282,463,478,508,347,344,504,379,390
0.9647311659996121,10,1,454,483,551,459,393,547,131,324,402,425,512,572,477,426,454,326,531,391,537,497,457,514
0.5806219765309241,10,0,414,371,547,267,391,516,317,316,263,466,321,446,371,435,380,308,406,378,445,581,423,374
0.35396986682418474,10,0,376,373,416,346,281,425,512,279,323,504,267,318,192,447,432,265,361,418,149,455,367,294
0.34440610581264186,10,1,377,441,455,287,473,432,491,397,407,488,267,424,243,470,161,436,357,321,312,340,341,586
0.7250427087707272,11,0,430,350,561,395,410,490,456,327,323,284,412,230,333,408,513,348,452,509,477,171,341,252
0.9834899593784395,10,0,471,405,621,421,414,472,464,325,538,343,373,266,637,327,542,331,488,516,310,370,564,532
0.33392660708031974,11,1,372,426,504,461,299,351,283,511,474,312,416,355,321,315,618,416,495,436,385,452,370,424
0.9400628388217294,10,0,466,399,455,426,414,533,464,351,564,401,305,493,647,401,311,384,399,237,608,380,418,521
0.5279811829018222,11,0,405,370,415,273,533,292,403,492,434,480,404,271,432,382,433,276,452,400,239,257,469,378
0.5879293504615718,11,1,415,429,373,418,402,522,401,327,432,281,363,623,416,467,593,471,485,391,412,503,424,347
0.022585299367278155,11,1,330,396,333,367,288,353,354,390,299,425,137,579,166,424,412,253,342,471,329,442,440,324
0.7002141579448323,10,1,428,447,378,337,487,511,363,174,286,386,464,440,448,568,634,476,352,635,264,458,391,452
0.8531063730905918,10,0,456,389,422,222,576,325,380,396,408,460,481,345,531,443,403,278,392,392,469,345,362,490
0.04124414078850536,11,0,347,318,380,178,285,352,319,224,233,294,390,346,483,149,232,350,292,387,304,311,361,356
0.147943775287801,10,1,357,468,527,570,391,510,281,517,202,640,357,515,346,424,363,374,432,532,436,491,364,591
0.6835525299320778,10,1,426,445,312,525,568,302,321,368,602,453,472,394,456,622,423,365,402,521,459,333,448,527
0.37134298951807565,11,0,380,362,421,334,295,289,463,527,439,537,407,340,356,447,412,328,538,469,284,321,297,397
0.8074501675574524,11,0,438,338,439,177,583,404,441,337,462,476,458,554,582,257,304,220,307,400,455,390,560,194
0.6182909724593314,10,1,419,436,661,515,506,340,417,480,493,370,485,586,368,433,324,276,477,408,419,297,478,346
0.786240337305104,11,0,436,341,478,356,461,292,512,194,365,165,455,427,392,486,310,501,280,212,482,298,453,150
0.33400251538985415,10,0,372,374,440,502,387,380,521,442,166,286,471,314,295,466,369,271,312,453,473,443,321,297
0.1340529997887887,11,1,343,409,400,227,217,366,334,575,278,444,578,475,333,613,360,399,348,392,381,504,465,324
0.3497765267690691,10,0,375,374,291,278,281,454,393,241,182,553,300,433,345,243,375,399,309,328,203,358,346,359
0.9659415135638142,10,0,469,403,423,369,407,359,297,471,457,381,413,392,433,379,449,370,460,213,440,433,488,395
0.28773192510888534,10,0,365,377,388,359,453,578,362,408,447,344,312,407,300,436,263,269,326,503,274,431,441,423
0.062426027805403295,11,0,349,320,220,363,540,223,389,205,291,120,397,126,499,315,406,349,239,169,413,325,128,270
0.9632319679170483,11,0,454,317,408,220,320,407,518,219,476,479,410,447,556,482,259,387,462,390,585,537,457,443
0.49520906035319945,11,0,399,370,278,321,431,446,532,578,436,457,354,471,543,465,206,327,339,292,332,500,328,419
0.9416119647179964,10,1,452,480,364,552,432,546,473,346,299,348,538,588,421,476,348,651,560,567,200,421,537,308
0.3941708407178296,11,1,382,428,294,547,224,514,407,455,366,222,569,530,305,509,378,333,445,362,396,318,381,376
0.047154942945315415,10,0,332,401,376,208,397,471,285,343,336,387,474,415,282,203,413,200,137,516,381,432,556,311
0.8466142650924499,10,1,442,467,467,402,372,695,325,491,255,562,428,315,332,414,550,525,446,433,229,417,353,471
0.2119782814576323,10,0,354,383,431,389,295,432,458,390,444,427,325,374,320,441,141,293,325,267,482,431,244,514
0.6533433171932368,10,1,423,441,476,381,485,493,461,468,386,566,249,454,231,399,400,391,364,392,342,535,406,510
0.151156694582666,10,1,358,467,342,351,389,564,332,492,231,257,242,585,363,566,215,360,382,510,322,212,294,386
0.14809691279983606,10,1,357,468,315,385,387,325,489,398,402,360,289,608,483,426,637,503,374,411,100,450,303,542
0.8296805607237031,11,1,452,413,209,258,593,425,426,377,409,523,520,412,515,483,535,416,358,422,509,402,504,571
0.04757573106452251,10,1,347,482,360,384,310,557,468,460,216,676,583,379,322,572,320,492,332,392,427,604,374,340
0.1258527519980427,10,0,342,391,292,317,281,457,279,198,411,437,357,549,235,347,369,457,242,398,346,462,324,275
0.5474999591167273,10,1,408,431,254,482,379,558,488,643,467,646,589,395,437,393,403,546,363,423,425,442,478,526
0.7151894513923176,10,0,436,377,470,510,532,546,525,320,443,386,345,336,414,476,463,302,561,436,409,391,643,322
0.12073055162619051,11,0,355,328,398,310,201,289,188,326,438,297,330,265,340,443,604,376,287,466,671,148,364,340
0.6479251325385992,10,1,422,440,406,311,502,512,476,333,321,481,504,498,447,519,431,262,218,449,485,224,488,437
0.2463646602702435,11,0,367,346,443,355,345,406,533,250,243,98,252,467,376,130,252,324,366,378,489,219,408,350
0.4231705062134128,10,1,387,433,417,341,495,490,396,563,259,498,640,649,207,536,456,606,376,415,355,296,481,525
0.8769099857108459,10,0,459,392,580,432,374,333,637,424,449,302,314,489,480,538,593,296,535,469,547,221,641,251
0.6675871790296845,10,0,428,374,352,464,354,312,352,340,317,447,650,598,531,266,290,459,401,227,516,445,347,303
0.42732520120321893,11,0,388,368,504,327,414,214,369,278,277,389,355,407,530,519,441,375,260,296,336,456,418,402
0.0675680692753492,10,0,334,398,313,323,381,435,317,327,315,321,289,453,422,488,262,305,200,292,515,304,321,421
0.34206008170704005,11,1,374,426,441,206,286,534,385,256,321,668,375,355,271,416,342,322,277,301,281,521,583,493
0.27650902738298844,11,0,370,350,455,407,531,348,356,408,294,432,379,318,455,511,498,448,342,330,525,321,466,272
0.3796219802805145,11,1,380,428,397,470,359,446,264,429,368,405,291,337,168,487,212,524,552,342,297,428,371,594
0.058609991307053466,11,1,333,401,193,441,300,491,349,369,402,434,281,601,210,500,187,435,216,517,338,405,148,341
0.7221338711995828,11,1,437,422,440,357,534,371,398,315,439,423,564,383,469,372,518,268,402,523,494,483,431,278
0.9570965801056991,11,1,468,399,428,275,617,303,374,424,532,490,553,305,345,390,191,411,390,452,379,285,562,405
0.42190178922655897,11,0,387,367,397,510,424,319,335,355,570,268,378,259,348,319,302,384,366,446,257,446,406,275
0.43995776930465,11,1,390,429,349,508,339,516,389,437,389,312,513,442,423,499,507,343,195,452,332,510,446,427
0.9479181518940027,11,0,452,319,333,325,459,353,399,293,356,167,604,444,642,73,405,304,261,354,525,272,427,177
0.1438227057088316,11,0,357,332,386,312,362,276,334,274,416,297,447,369,379,281,211,319,324,116,94,144,210,547
0.7501931292187588,10,0,441,380,333,465,601,512,412,446,471,409,511,339,484,459,312,440,342,558,364,600,320,402
0.6379457004120962,11,0,421,361,372,426,477,416,339,327,614,578,368,356,610,248,415,175,421,212,387,298,440,361
0.9558284773336145,11,1,468,399,451,339,433,346,548,277,515,362,397,398,511,494,564,388,694,355,561,451,562,372
0.13116913875864422,11,0,356,330,361,287,245,420,463,216,170,309,455,154,521,476,320,452,262,342,341,442,340,317
0.2958931101046416,11,1,366,423,433,489,572,500,322,372,445,422,437,429,349,624,438,453,361,449,221,474,489,327
0.5540400091581883,10,1,409,431,369,438,383,487,429,307,439,428,477,370,307,578,306,511,359,521,364,579,406,604
0.5406816461724346,10,1,407,431,338,405,409,338,324,466,307,533,337,357,492,296,485,373,195,456,424,341,566,434
0.950025962349806,10,1,453,481,606,455,497,514,458,459,369,424,294,527,517,504,336,432,288,627,386,537,626,543
0.4266033334011545,10,1,388,433,354,513,290,236,540,363,410,321,298,438,224,356,393,574,363,517,408,220,549,517
0.07801323778357383,11,0,350,323,422,277,265,162,388,209,141,296,295,306,379,316,183,105,344,114,334,254,420,441
0.13521009942128048,11,1,343,410,280,372,218,509,270,416,313,375,391,415,234,371,467,316,426,304,235,406,292,371
0.6595676169278726,11,1,427,426,350,450,298,196,558,303,284,481,509,541,548,285,450,326,491,395,247,355,292,449
0.7179544259934383,10,1,429,449,305,461,490,489,298,536,460,409,410,406,397,410,395,540,593,582,320,325,509,403
0.2929280499614568,10,0,366,377,444,463,357,518,369,442,451,516,498,277,457,407,408,257,229,381,481,266,166,281
0.23898239207668381,11,0,366,345,563,452,370,281,300,339,272,217,344,312,479,312,214,234,394,430,644,331,401,364
0.8848333260839183,11,1,460,407,392,428,469,453,339,413,214,325,264,515,365,408,613,462,389,88,483,380,382,393
0.32099627278480425,11,0,374,356,449,504,458,405,615,355,366,438,209,348,471,435,540,213,414,267,347,426,441,305
0.4198939655502091,10,1,387,433,492,388,377,370,364,442,437,296,354,608,427,632,387,315,249,399,204,455,353,322
0.10235654450081655,10,0,339,394,335,331,171,271,265,478,365,391,159,268,465,550,310,478,211,444,378,534,534,259
0.08398867047725467,10,0,336,396,303,452,334,547,314,280,325,318,283,175,231,369,139,292,316,446,204,325,376,356
0.9598237137291135,11,1,469,398,260,480,483,329,408,213,333,341,421,464,429,242,275,452,337,457,540,493,451,275
0.7921068192302171,10,1,437,460,460,502,346,638,534,643,303,455,406,423,558,621,570,437,200,432,416,566,341,364
0.8984971945693214,10,1,447,474,204,549,500,473,360,548,501,470,503,442,406,488,567,572,480,635,502,470,498,596
0.8580162472078215,10,0,456,390,491,401,440,393,523,319,436,377,441,525,273,478,427,354,633,338,469,424,396,193
0.6250446671862903,11,0,419,363,472,242,587,311,558,274,529,410,444,142,392,274,375,292,551,388,379,357,454,294
0.4355874910888874,11,1,389,429,598,404,431,550,314,505,147,500,376,659,433,502,451,411,400,405,395,392,483,361
0.8445282425680452,11,0,442,333,521,438,359,255,539,493,286,330,463,202,456,304,502,194,603,338,310,579,362,232
0.470975189956918,10,1,395,430,453,552,475,352,427,461,357,581,263,429,492,362,397,478,490,230,445,250,544,396
0.06348105193196907,10,1,349,479,313,371,430,396,397,398,418,544,546,674,184,314,314,711,547,669,494,513,173,354
0.17061389471004573,11,1,348,413,375,529,353,329,199,365,369,528,448,378,373,273,307,491,463,485,420,376,242,562
0.6964234891195437,11,0,427,354,218,278,336,372,508,432,319,410,383,373,480,358,384,412,497,386,323,449,436,197
0.14365228715854506,11,0,357,332,394,289,453,283,309,290,503,308,412,199,379,311,349,331,446,265,338,368,307,226
0.8890729685648423,10,0,460,393,426,421,531,284,356,359,323,517,398,341,388,328,469,443,457,312,492,449,475,374
0.6017167268907614,11,1,417,428,512,570,302,458,424,435,260,381,543,576,479,285,305,431,315,314,411,445,379,389
0.8557113178332615,10,1,443,468,496,244,548,434,438,531,381,572,296,575,606,520,589,441,325,439,669,532,437,528
0.5794959139277666,10,0,413,371,394,194,273,417,572,306,609,244,431,579,378,319,495,353,449,547,348,199,380,308
0.3503511778206523,10,0,375,374,353,377,332,243,362,337,407,344,68,501,461,333,250,419,287,333,365,375,294,274
0.6176460845581062,11,0,419,364,461,278,528,312,480,473,213,320,367,231,388,441,405,327,338,324,637,440,271,197
0.6485840935898232,11,1,425,426,442,423,406,419,438,539,564,541,400,478,376,549,413,508,402,437,341,497,219,482
0.10347341502838969,10,0,339,394,426,354,314,287,368,484,386,326,431,394,177,382,288,240,348,463,368,374,433,539
0.5334357943015362,11,1,406,430,507,535,451,183,551,364,396,482,353,384,418,422,526,544,399,629,323,417,304,322
0.5563114680996578,11,0,409,368,551,319,351,550,562,109,463,295,370,416,473,312,429,406,513,308,569,413,297,272
0.22734170659721764,10,0,356,382,260,573,272,326,350,439,251,339,372,412,294,340,330,383,323,564,329,371,386,521
0.691992187896476,10,0,432,376,390,315,375,331,340,441,462,395,257,384,534,576,372,453,461,380,481,323,436,379
0.6464226971740504,11,0,422,360,418,360,309,335,454,226,449,321,490,259,480,418,443,263,485,241,305,536,600,441
0.5384383268368742,11,1,407,430,485,530,438,347,460,539,264,596,632,312,280,541,616,337,387,402,298,630,246,428
0.5313884424267175,11,0,405,370,307,195,383,549,545,458,416,432,310,248,250,408,275,438,393,288,457,306,404,309
0.9600020396418765,11,1,469,398,461,238,484,428,550,526,505,397,392,339,392,303,377,268,667,519,522,195,401,270
0.6830511149878508,11,0,426,355,495,406,419,463,425,335,439,429,393,338,381,259,214,225,416,211,456,291,431,475
0.8528565127148963,11,1,456,411,506,393,440,506,523,571,487,380,566,455,612,347,494,375,326,338,462,424,247,276
0.9696087731752567,11,0,454,316,447,361,305,474,781,217,371,372,682,461,501,440,532,150,601,377,331,411,395,338
0.07368291902013968,10,0,335,398,349,473,167,408,303,288,266,398,391,399,268,312,368,436,255,638,421,430,458,375
0.41363089724798885,11,0,386,366,457,545,293,350,384,335,480,349,438,294,235,544,387,222,360,399,373,245,290,344
0.34761284416389115,11,0,377,360,270,374,171,375,401,315,447,505,428,439,357,342,340,331,337,331,515,312,312,286
0.8389502896518942,10,0,454,388,430,432,419,265,304,378,454,265,461,240,390,360,403,496,212,382,468,462,480,366
0.12434567228508331,10,1,355,471,595,477,383,504,328,571,289,347,507,606,195,586,459,499,477,430,403,496,331,567
0.3536771080431488,10,0,375,373,253,313,422,223,505,401,306,328,416,341,292,418,432,161,239,436,460,492,313,299
0.0911967789000101,10,0,337,395,136,487,261,285,376,457,356,466,203,436,442,380,375,334,37,402,172,334,416,388
0.8119579730878436,11,0,439,338,448,257,374,302,497,389,435,276,401,323,422,312,302,199,394,529,536,357,481,427
0.6722158866088954,11,1,429,425,382,420,392,339,526,321,508,348,477,502,408,378,431,344,358,360,483,695,279,355
0.35816935680864437,10,0,376,373,377,339,456,450,445,309,495,265,327,448,327,393,441,184,143,256,482,488,547,319
0.1605150176290847,10,0,346,388,341,288,423,472,213,352,512,430,204,457,242,253,284,289,222,341,308,422,449,271
0.9250173981462422,11,0,450,322,444,316,442,317,496,166,265,401,359,280,678,307,519,421,296,278,607,283,551,391
0.2262619732268183,10,1,365,457,504,423,406,466,375,610,311,291,380,637,286,403,464,519,204,499,270,403,354,262
0.06814130274077246,10,0,335,398,155,259,272,548,332,440,331,494,211,537,236,537,169,420,252,666,254,384,352,468
0.335015269283219,10,1,376,442,410,614,452,584,495,412,354,418,510,341,318,356,470,477,583,398,234,480,494,440
0.8658932290482397,11,0,444,330,429,335,537,244,441,464,432,449,337,182,552,337,527,142,416,443,592,358,555,188
0.8349945478879816,11,1,453,413,458,363,520,470,502,414,481,524,451,586,356,207,373,341,503,488,515,414,319,295
0.2866831892033037,11,0,371,351,180,412,403,447,621,350,462,370,356,254,493,443,218,381,555,433,327,105,530,267
0.9365461386604107,10,0,466,399,530,394,549,338,529,451,455,451,718,496,506,518,516,333,360,442,479,290,539,377
0.2022217589336639,11,1,352,416,136,384,430,416,183,443,388,404,160,334,422,473,282,377,452,462,378,408,443,389
0.6740465282189209,10,0,429,375,382,487,291,233,413,413,573,340,416,351,310,396,281,695,479,283,283,417,341,472
0.22436459342182136,10,0,355,382,200,372,181,503,366,361,321,543,188,137,699,397,300,361,320,257,387,468,443,366
0.34610291150944583,10,0,374,374,424,447,333,443,280,158,451,393,495,410,319,395,506,521,374,359,295,235,305,298
0.42917385203008884,10,0,388,371,339,256,260,281,312,436,382,428,562,327,471,350,473,413,184,425,320,288,341,144
0.822753418111957,11,1,451,414,459,171,321,498,531,388,379,439,567,434,557,352,544,479,299,575,134,489,679,455
0.8330810513999812,10,1,441,465,454,699,423,456,430,591,482,460,523,651,257,442,417,401,423,670,517,490,506,300
0.7070921201567759,11,1,434,423,569,402,469,446,528,400,432,330,561,506,115,409,379,568,473,428,374,377,681,488
0.3814659735900242,11,1,380,428,432,287,374,340,374,484,346,314,609,370,303,431,208,598,369,494,482,365,366,566
0.11376006896470181,10,0,340,393,436,354,344,344,245,418,198,435,312,332,239,417,240,405,276,445,195,393,522,319
0.8105606354573502,11,1,450,415,521,426,393,412,421,422,448,283,445,521,507,576,555,485,584,422,645,305,496,435
0.3223602231780115,10,1,375,444,285,507,570,416,406,609,364,514,545,447,401,409,309,409,251,322,624,395,323,404
0.8141779348095011,10,1,439,463,539,566,332,467,429,286,428,431,471,411,437,582,433,237,308,650,508,371,291,303
0.5390295046551415,10,1,407,431,373,381,334,462,438,536,512,455,204,329,427,368,359,360,414,377,506,439,369,341
0.2095238213473669,11,1,353,417,416,457,496,374,408,238,446,248,327,403,370,276,537,497,387,382,391,389,298,456
0.9644498341698519,11,0,454,317,486,345,557,365,369,244,448,169,396,528,403,352,513,295,579,309,402,318,413,267
0.7667183398217774,11,1,443,419,284,371,408,356,473,279,509,632,569,355,526,544,499,486,316,346,509,374,231,439
0.11260519990186624,11,1,340,407,391,397,313,444,397,400,384,418,296,497,466,341,304,419,340,443,244,323,407,345
0.9757124540061534,11,1,470,396,470,523,443,299,532,437,339,205,404,215,334,447,519,322,309,326,600,438,497,284
0.8977030471055624,10,0,461,394,535,430,660,561,272,508,478,396,186,351,495,267,456,217,303,321,286,439,423,373
0.37149872446442445,10,1,380,438,402,250,469,652,394,332,292,477,307,498,452,472,388,513,359,438,187,435,285,440
0.5389310474685522,10,1,407,431,262,332,446,478,651,518,305,221,285,431,355,468,262,573,323,555,460,420,281,491
0.02958673590130667,11,1,330,397,268,350,243,337,458,371,326,449,301,573,228,405,311,341,393,547,201,198,347,373
0.588045973051966,11,0,414,366,242,211,453,356,512,520,469,357,279,468,366,253,478,338,481,267,334,269,381,322
0.3020765110835434,10,1,373,447,242,375,573,477,209,400,460,385,541,336,392,536,525,415,338,491,176,318,526,312
0.294475577954025,10,0,366,377,377,329,428,422,130,551,284,355,444,240,458,354,362,180,317,313,267,436,400,385
0.10124843524760396,11,0,353,326,421,276,212,237,306,295,369,264,242,265,407,257,294,327,435,347,265,281,334,286
0.7037314725083097,11,1,434,423,423,571,487,619,365,453,521,398,265,550,445,429,520,456,411,358,279,473,265,322
0.502221548279846,10,1,400,430,390,471,372,467,331,243,485,456,232,322,434,305,517,481,351,446,442,318,294,359
0.23350198878682338,11,1,357,419,202,354,304,314,306,480,224,310,478,356,309,395,388,319,350,598,312,522,232,442
0.48939964177365425,11,0,398,370,243,253,250,454,400,444,228,373,253,426,343,414,464,550,456,475,338,429,572,302
0.673195676899946,11,1,429,425,443,418,378,514,444,362,352,441,349,442,550,419,407,518,253,504,244,177,470,352
0.9341251990619656,11,1,466,402,526,324,437,411,473,530,440,461,438,291,471,367,436,321,521,329,417,414,427,403
0.2638591622826957,11,1,361,421,358,336,372,519,361,288,432,452,333,455,190,511,349,573,355,346,242,579,393,322
0.6610526219281263,10,0,427,374,512,375,630,366,436,184,364,403,412,290,331,288,466,240,344,283,373,520,279,306
0.35722666275920834,10,0,376,373,344,528,345,382,286,366,267,246,201,434,465,362,543,329,510,367,326,620,493,303
0.5286968628055736,11,1,405,430,426,259,490,534,336,376,467,699,358,370,429,262,484,601,564,257,410,456,466,508
0.6211950051804165,11,1,420,428,503,324,592,510,291,398,374,398,463,475,508,411,397,525,218,452,340,427,572,582
0.7617060002853483,10,0,443,381,475,221,320,116,380,343,375,225,532,195,358,480,570,309,420,419,454,512,487,427
0.7920351536042165,11,1,447,417,491,390,312,301,428,533,441,637,460,375,366,304,449,527,463,165,462,357,352,306
0.22302567078891355,10,0,355,382,410,504,317,459,427,543,474,533,370,472,424,482,404,511,279,267,516,387,450,374
0.741731363061566,11,0,432,347,348,422,525,283,536,350,322,181,426,156,468,402,381,317,300,328,297,438,470,384
0.2883835742389098,11,0,371,351,44,364,360,484,221,314,342,220,458,467,162,409,195,330,337,319,292,222,437,284
0.08300663040239553,11,0,351,323,363,293,298,286,325,330,207,272,103,121,324,495,346,111,381,175,338,318,201,356
0.385593455861838,10,0,381,372,437,451,271,284,387,211,341,542,397,412,379,391,431,362,334,431,411,560,360,163
0.2937149749430866,11,1,366,423,192,476,156,353,296,313,337,391,533,634,249,377,375,391,254,383,393,372,303,399
0.6602466351416942,11,0,424,359,596,402,316,277,321,346,355,390,453,360,365,399,439,367,521,450,576,429,386,313
0.6460668190584173,11,0,422,360,507,316,195,461,473,425,277,321,390,361,346,227,183,343,339,329,365,387,334,568
0.7264932051047185,11,1,437,422,456,408,529,470,546,507,508,303,512,476,461,384,590,637,443,362,678,430,436,508
0.8690770499260407,10,0,458,391,364,260,583,620,468,331,363,461,466,375,351,466,554,377,674,321,501,247,313,201
0.07924446018457132,10,1,350,477,388,446,447,345,136,449,66,592,277,518,420,562,407,438,304,623,347,524,604,559
0.7950589155068049,11,0,437,340,387,178,447,102,513,296,418,505,433,235,545,350,364,557,444,482,569,170,360,307
0.543163483350498,11,0,407,369,476,531,339,256,486,362,412,307,446,468,464,404,484,576,391,388,184,340,280,270
0.5232636420182941,11,1,404,430,339,389,553,259,457,267,514,283,519,403,310,595,218,417,349,94,528,405,655,399
0.685134467408453,11,1,431,425,310,479,307,592,307,350,527,431,497,499,334,173,345,464,510,611,439,376,550,515
0.7571105694248815,11,0,433,345,328,270,602,523,407,438,498,311,381,178,503,509,468,440,603,291,531,369,471,398
0.010065959388795287,11,0,343,313,262,386,497,338,412,330,230,294,196,356,508,467,357,236,267,335,410,358,210,408
0.48060115086440214,11,1,397,430,318,367,180,542,342,288,437,348,321,310,368,376,468,429,338,422,192,337,421,577
0.5335843464076713,11,0,406,369,239,348,397,383,510,564,425,376,375,321,326,560,313,328,258,360,399,379,447,230
0.07244302812482095,10,1,350,478,381,398,336,578,147,613,384,601,441,496,435,426,415,656,379,481,437,589,437,603
0.030866339719245017,11,0,346,316,458,368,334,512,332,230,466,262,294,350,182,411,260,237,206,440,375,253,342,401
0.21055828471842486,10,0,353,383,418,405,151,294,460,393,437,515,337,556,311,405,174,509,177,557,442,413,219,192
0.5841917759616386,10,1,414,433,372,416,491,554,312,256,394,628,362,512,383,603,398,427,371,302,437,522,316,575
0.09232197636601935,11,0,352,325,368,409,417,348,276,392,442,269,536,348,188,414,284,270,210,280,411,385,522,346
0.4467067639548318,10,1,391,431,318,479,354,412,518,615,271,433,421,276,380,460,426,346,141,350,279,400,314,309
0.9830551211725577,10,0,471,405,370,438,480,291,547,412,569,388,566,558,399,323,407,430,659,443,365,517,499,304
0.9627432206860717,11,0,454,317,452,327,483,332,384,583,469,330,430,413,358,353,710,258,488,387,398,164,454,572
0.3923860337483802,11,0,383,365,354,375,403,383,528,213,493,369,421,460,351,322,523,316,554,315,240,140,455,545
0.6160119539391846,10,1,418,436,572,487,555,453,370,410,550,454,509,360,363,511,194,410,332,476,496,462,340,526
0.5410778211273903,10,1,407,431,497,385,421,211,259,497,446,496,367,453,387,437,272,599,310,400,493,670,467,464
0.4542594101751517,10,1,392,431,256,434,443,453,536,479,316,88,192,248,662,449,497,431,432,563,573,435,195,335
0.034043013187797566,10,0,331,403,274,389,335,393,366,344,100,360,284,356,427,492,429,330,369,301,289,567,394,562
0.4961737496264662,10,1,399,430,467,417,558,290,481,440,302,470,445,252,319,446,529,352,347,588,380,377,307,409
0.34558707567071123,11,1,374,426,401,402,346,235,282,521,355,504,379,241,300,358,383,577,364,379,572,421,444,462
0.3767287277983957,10,1,381,437,402,417,369,317,325,375,322,521,398,589,454,473,354,328,463,349,446,234,221,344
0.0914704507770906,10,1,352,476,254,511,448,461,255,482,452,363,290,403,376,323,299,460,350,399,330,295,239,455
0.7256625893958144,10,1,430,450,280,424,467,512,291,453,594,408,318,368,310,401,410,323,502,502,471,413,434,252
0.9486606154940764,10,1,452,481,345,335,579,566,528,529,585,557,460,499,535,491,519,505,565,379,562,424,588,365
0.061319565470255966,11,1,334,401,242,221,263,466,234,375,359,500,91,221,444,488,223,369,312,519,180,317,309,407
0.09299172556745205,10,0,338,395,172,551,347,479,293,449,444,325,240,292,443,358,262,418,296,520,351,515,511,318
0.10377338426661409,11,0,353,326,399,422,390,150,402,381,370,306,403,438,286,478,376,344,246,275,332,477,327,404
0.02270296276336714,11,1,330,396,259,303,239,397,570,498,265,373,360,314,248,478,359,417,408,445,474,514,293,318
0.4061211328963563,11,1,384,429,269,283,457,552,475,544,270,178,299,364,299,524,176,318,287,307,353,601,532,499
0.8040264658794116,10,0,449,384,413,438,527,460,350,595,429,292,186,364,568,350,417,513,511,627,323,395,459,252
0.7738554810301195,10,0,444,382,309,419,527,386,425,271,462,441,412,516,522,228,321,302,362,215,565,413,490,475
0.7411449578016489,11,0,432,347,450,379,488,297,327,405,473,412,190,519,599,288,344,353,430,452,362,348,438,377
0.7534851881382437,10,1,433,454,438,514,484,376,582,316,349,494,509,294,398,699,276,575,344,424,376,360,431,535
0.6096773181175987,10,1,417,436,285,504,398,331,249,272,547,349,379,240,446,353,243,432,384,684,630,426,437,489
0.7335104319122637,10,0,438,379,368,463,356,339,443,314,358,411,465,472,180,168,300,583,453,513,355,369,306,374
0.6512898430723773,11,0,423,360,396,204,435,547,436,226,550,484,276,344,350,421,495,413,452,482,306,277,228,401
0.09958129379190273,11,1,338,406,542,443,262,372,167,433,440,413,182,508,319,402,425,417,285,346,392,563,493,323
0.6454176289279838,10,1,422,440,344,283,393,386,450,310,435,560,335,382,379,514,278,456,244,535,501,487,531,352
0.19691184945385298,10,0,351,384,363,254,456,404,380,427,371,446,344,454,274,244,375,357,499,420,266,347,309,463
0.5335539128734111,10,0,406,370,476,403,404,307,443,212,649,351,312,302,261,266,264,307,242,472,497,325,449,493
0.8529256953562658,11,0,443,332,416,382,518,324,573,285,537,546,309,430,528,232,345,358,305,363,249,514,529,344
0.38183754032549533,10,0,380,372,249,323,437,375,420,281,460,287,236,213,269,489,355,301,352,492,419,303,365,273
0.7703337168853673,11,1,444,419,452,367,489,690,327,601,306,463,685,441,410,603,400,382,436,504,505,495,456,522
0.29616901974948184,10,1,372,447,369,569,327,613,350,408,354,472,508,578,372,462,359,480,215,426,325,525,631,512
0.5865596112163136,10,0,415,371,359,501,460,274,449,458,519,414,410,226,303,221,229,253,415,379,278,270,327,338
0.37173252243817234,11,1,378,427,542,418,304,385,464,289,364,411,419,403,534,476,474,244,500,531,384,386,366,474
0.8805011001082494,10,0,459,392,599,301,514,371,439,229,329,323,457,413,372,406,433,340,248,292,627,415,364,274
0.9883884747682886,11,0,456,313,471,250,463,307,459,299,405,335,510,74,201,228,532,242,576,143,479,121,277,548
0.6320840433372497,10,0,422,373,480,132,372,261,289,296,268,269,361,248,363,354,429,406,429,375,273,301,500,375
0.547180384703704,10,1,408,431,433,215,319,483,527,447,210,557,329,565,354,499,497,252,339,486,505,310,387,468
0.5412746550823181,11,1,407,430,422,576,214,535,493,220,450,498,425,585,487,547,459,506,459,486,279,593,367,329
0.10411055213046316,10,1,353,474,405,539,130,572,366,283,310,372,379,511,305,448,390,432,305,699,168,375,395,519
0.2765418657325368,10,0,363,378,476,419,178,434,280,573,322,481,259,469,332,435,255,349,401,256,150,497,408,542
0.4951611972904518,11,0,399,370,478,239,293,386,309,340,264,544,373,98,371,335,224,405,502,300,373,409,292,347
0.0933472278866474,11,0,352,325,356,325,277,450,306,437,437,350,465,325,345,418,353,525,255,370,210,324,247,434
0.20767236200382233,11,1,353,417,242,352,304,386,387,487,321,324,240,457,373,385,421,420,534,330,593,439,108,515
0.8310651854964212,11,1,453,413,587,571,352,370,294,187,314,284,507,490,438,604,487,491,395,387,430,510,382,511
0.6966079778226775,11,1,433,424,348,542,506,459,536,611,610,290,578,378,501,290,296,639,392,574,651,566,536,402
0.7164056764242203,10,1,429,449,592,365,302,609,570,517,304,373,537,277,424,444,256,433,226,586,585,302,417,450
0.16905172803062285,10,0,347,387,487,542,309,168,341,431,364,408,253,482,351,470,377,220,303,405,406,338,359,637
0.06174468968463964,10,1,349,480,547,565,306,384,327,592,263,382,263,458,496,568,182,360,379,690,385,488,442,455
0.4518953695063078,11,1,392,430,389,402,341,530,518,478,338,492,296,426,279,378,510,472,537,514,497,189,579,400
0.4027292832871687,11,0,384,366,357,394,422,298,463,379,480,236,290,443,485,275,270,393,256,320,539,367,433,512
0.15395781728180213,10,1,358,467,443,347,342,469,539,523,474,569,341,348,384,473,394,524,306,364,236,417,488,584
0.18114374441576675,11,0,361,337,402,372,166,264,438,200,355,346,245,238,408,390,185,332,215,210,352,293,225,476
0.49275315999794833,10,1,399,430,342,384,320,437,360,615,340,322,512,512,367,271,215,412,389,406,383,427,374,480
0.4267821941764969,11,0,388,367,330,612,541,328,295,530,380,212,386,379,357,411,373,377,397,366,292,384,373,459
0.7108780037832643,10,1,429,448,465,518,320,393,299,470,401,469,454,584,461,493,473,647,217,423,353,322,355,494
0.021878770520667223,10,0,329,404,207,423,486,321,555,287,470,681,218,451,377,437,359,414,421,478,323,354,377,506
0.7593978355426321,10,1,434,455,356,407,434,622,353,507,349,343,325,607,306,545,561,526,571,588,623,349,550,426
0.8997929796883168,11,1,462,406,409,472,564,460,324,480,463,508,446,536,344,479,674,293,403,374,461,545,486,366
0.600923031528155,10,1,416,435,603,271,313,566,467,613,451,445,501,382,580,543,296,433,384,331,397,333,340,476
0.5901785792117936,11,0,415,366,412,314,564,440,457,418,550,292,335,404,373,477,454,453,569,245,418,326,664,211
0.9696183962197923,11,0,454,316,536,207,460,391,580,350,501,329,507,466,366,376,407,200,450,251,435,483,408,133
0.0073858431859213924,10,0,328,406,161,311,256,510,246,654,272,558,409,553,399,510,175,503,185,498,348,472,327,671
0.2594569088275932,10,1,368,453,400,494,343,465,280,353,462,538,412,385,453,426,374,595,368,474,309,482,549,583
0.06647428699104141,11,1,334,402,564,514,435,334,506,401,426,150,300,277,391,393,319,518,317,262,455,483,290,464
0.8117227566839962,10,0,450,385,475,325,378,361,582,385,463,470,556,262,455,352,457,549,494,347,446,217,459,407
0.05898110794350109,10,0,334,399,186,402,339,525,359,481,383,186,479,385,302,514,302,310,295,410,341,544,253,325
0.2603980431491836,11,0,368,348,448,418,396,244,345,346,397,335,358,293,451,283,521,157,403,419,550,163,361,392
0.2916550210672295,10,1,372,448,507,338,482,392,463,460,345,178,431,371,484,460,503,356,279,385,328,457,250,431
0.8032826797657933,11,0,438,339,341,222,534,331,360,227,297,309,391,188,421,298,420,439,443,354,577,283,322,307
0.5238123141120762,10,1,404,430,239,436,424,522,268,428,308,271,355,325,315,475,296,490,324,381,364,586,404,508
0.0764470491337047,11,1,336,403,232,307,376,240,472,348,213,582,390,487,224,319,459,386,231,516,298,312,516,455
0.6442578996375785,10,1,422,439,297,551,434,492,530,412,317,412,266,527,395,452,271,503,411,399,255,288,637,472
0.7544023473826426,10,0,442,380,420,512,507,359,480,364,369,309,538,392,497,215,440,415,528,157,428,419,516,468
0.7315230716264317,10,1,431,451,300,345,407,200,431,550,322,554,548,600,586,387,463,580,528,390,720,474,307,490
0.6140290524232332,10,0,419,372,523,355,487,398,426,330,633,318,455,286,292,370,309,539,536,529,520,529,415,354
0.5490686157982132,10,1,408,431,511,411,458,424,373,438,313,469,151,389,321,512,436,510,473,406,502,469,314,464
0.13860961961086093,11,0,356,331,494,262,390,382,492,439,258,338,252,216,258,418,345,308,388,380,249,250,350,291
0.8182881872950633,11,0,439,337,393,499,356,353,458,458,313,382,382,290,312,390,621,149,498,478,529,490,603,519
0.8050355111642266,10,0,449,384,329,363,434,379,584,206,549,340,356,474,572,257,705,445,327,313,381,423,446,346
0.7661781261052043,11,0,434,344,387,466,380,189,305,305,577,368,528,368,435,315,451,203,363,299,542,294,445,409
0.9767677010273258,11,1,470,396,449,475,430,382,608,498,633,344,480,380,610,412,620,708,418,352,789,673,546,392
0.41810152835713543,11,0,387,367,456,446,388,461,469,324,635,380,401,338,279,465,498,511,265,558,277,383,499,359
0.8835888289413011,11,1,460,407,206,429,617,601,357,387,494,580,270,383,519,361,492,394,315,295,556,316,380,375
0.8662513321948928,11,0,444,330,441,234,333,330,392,227,420,199,455,491,741,254,421,260,499,294,499,205,400,353
0.2959672487736933,11,0,372,353,399,393,425,375,336,335,272,259,375,287,452,233,489,217,162,440,334,344,348,194
0.2260454472689818,10,0,356,382,412,318,418,348,391,422,287,363,507,507,403,533,432,387,310,237,352,273,329,407
0.21952732096098038,10,1,364,458,310,429,289,487,352,569,237,500,227,227,282,366,277,535,267,492,218,493,342,418
0.3325983470286714,10,0,372,374,412,378,400,273,304,289,347,490,209,506,447,368,567,230,414,176,324,425,310,187
0.9470130584816234,10,1,452,481,607,656,545,325,314,536,294,384,419,523,517,313,346,536,494,449,448,507,588,524
0.9768620683476048,10,1,455,485,472,595,538,469,522,531,386,421,508,281,567,380,682,420,449,612,405,344,703,542
0.7187334314548764,10,1,429,450,496,522,483,291,334,631,658,464,546,390,325,610,339,412,417,516,392,395,513,283
0.8981684613064809,11,0,447,326,518,460,309,283,216,457,295,276,564,522,389,328,365,183,388,287,450,411,356,498
0.6458223345065819,10,0,424,373,294,308,367,508,277,458,570,219,383,310,353,478,379,391,322,340,491,398,704,415
0.19437758479885203,11,0,362,339,597,311,200,310,332,158,451,144,259,290,401,326,277,440,443,291,303,572,415,326
0.8913039165484402,10,0,461,393,406,416,380,354,490,360,470,513,248,86,482,361,492,298,444,335,424,212,418,512
0.9668621499292691,10,0,469,403,300,335,478,492,511,331,499,423,547,360,517,381,556,377,685,234,616,135,592,393
0.5202351767708324,10,0,403,370,424,255,423,288,409,272,623,257,404,413,356,324,536,348,480,348,334,364,452,365
0.32836968718966275,10,1,375,443,313,369,416,479,424,606,279,514,537,375,250,389,336,573,463,489,374,511,409,385
0.7391148109496127,11,0,431,348,378,436,496,453,359,230,582,341,491,306,286,433,330,129,483,400,522,239,439,265
0.28283576811455324,10,0,364,377,393,261,445,493,335,241,419,150,498,234,322,552,423,526,605,208,392,531,479,464
0.9374252163649002,10,1,451,480,523,468,340,464,347,628,343,395,360,561,327,521,485,472,454,498,273,483,452,426
0.5148453555216264,11,0,403,370,465,234,318,467,288,434,239,382,449,501,366,418,465,224,555,310,417,338,341,426
0.4803721796263598,10,0,397,370,95,565,422,308,410,411,332,212,424,439,296,390,281,524,252,254,415,362,344,210
0.6195318558093134,11,1,420,428,279,475,305,365,205,152,396,698,637,651,344,389,294,363,312,484,565,592,326,656
0.22151508996602254,10,0,355,382,466,337,461,159,494,294,459,164,274,327,81,389,335,384,257,436,477,615,283,402
0.6486534569857159,10,0,425,374,358,485,205,469,373,431,337,251,380,481,349,297,423,325,503,323,407,432,471,508
0.07302422006514131,10,0,335,398,369,612,401,414,236,348,370,344,453,414,303,447,211,454,285,287,339,393,380,583
0.9755473366701384,11,0,455,315,511,274,564,267,305,141,634,242,128,228,539,162,459,267,490,431,529,281,666,146
0.8514218679552927,10,0,455,389,370,355,465,190,588,495,404,411,551,407,465,332,587,291,605,117,412,405,460,398
0.7907777696844008,11,1,447,417,548,421,450,518,532,409,442,548,566,658,426,399,693,380,526,382,328,550,579,489
0.16488871231787716,11,1,347,413,293,404,385,416,441,342,547,494,179,389,338,411,270,519,285,490,436,443,267,469
0.7189625265217606,11,0,429,350,356,433,557,368,360,438,312,377,487,378,633,538,574,313,343,470,387,279,299,390
0.04209481596689646,10,0,332,401,386,479,384,443,301,323,448,617,448,489,309,372,363,400,198,388,243,497,376,302
0.6555749866476865,10,0,426,374,229,259,554,457,337,447,511,549,455,384,428,303,516,257,446,654,549,458,199,365
0.2078401218575795,10,0,353,383,278,377,316,264,324,312,337,431,421,453,438,412,253,406,365,332,264,697,454,223
0.7502039017622408,10,1,433,454,449,457,337,465,363,436,407,400,507,350,483,428,317,574,414,542,399,449,377,407
0.32758893047121795,10,0,371,375,549,395,273,202,377,178,501,183,322,453,645,298,255,219,450,466,227,448,378,403
0.045574785571959486,10,1,347,482,546,606,373,451,429,404,342,536,305,620,430,388,426,491,359,632,538,444,297,400
0.03364898214924372,11,1,331,397,313,482,460,395,153,391,398,386,440,419,383,246,300,286,453,384,422,183,295,391
0.943313013840036,10,0,467,400,426,379,504,326,626,413,376,356,497,464,490,201,468,452,446,422,569,278,443,337
0.4973722691286311,11,1,400,430,508,408,331,403,456,146,281,441,449,369,265,471,208,564,410,484,282,385,317,394
0.3648756914322625,11,1,377,427,464,562,238,427,394,367,245,414,375,503,274,388,336,533,401,479,433,441,446,353
0.20412623363953952,11,0,363,340,287,436,208,358,437,424,459,439,249,440,505,424,313,232,461,451,546,243,433,299
0.4992200257174353,11,0,400,370,522,505,474,264,411,468,636,293,170,535,442,256,330,390,229,292,475,220,328,540
0.07791402612980503,10,1,350,477,450,513,368,524,419,295,397,361,340,489,335,428,283,397,164,510,294,467,336,450
0.06472433499676378,11,0,349,321,244,346,363,170,436,325,328,403,403,369,356,302,328,223,227,360,379,241,397,231
0.27200098516475735,10,1,370,451,266,387,249,447,428,518,324,324,530,365,456,284,430,378,329,510,510,446,289,447
0.15140764466664158,10,1,358,467,195,588,338,658,427,478,250,427,358,418,371,523,436,543,195,394,490,530,271,390
0.4144907760153518,10,0,386,371,262,285,463,326,368,532,441,420,401,418,379,409,536,355,354,371,532,349,271,440
0.7759548383256765,10,1,435,457,422,321,419,503,414,416,556,526,449,417,159,527,412,391,228,564,339,403,491,423
0.25796522117597975,10,1,368,453,296,431,457,509,443,482,444,672,289,416,274,529,298,375,333,579,317,257,433,377
0.5972042209084739,10,0,416,372,324,363,470,352,502,322,463,333,386,314,360,376,538,432,441,374,433,367,353,426
0.7196753959992362,11,1,436,422,370,408,490,427,416,472,367,341,441,434,317,470,371,400,482,432,488,502,491,535
0.8055016394802509,10,0,449,385,342,403,281,313,491,441,466,185,442,476,298,410,580,403,561,449,383,437,408,420
0.9146919738366811,10,0,463,396,557,499,599,459,514,254,570,350,396,422,363,356,552,495,574,372,562,452,570,235
0.7632811672121296,11,1,443,419,496,331,523,462,277,413,432,380,572,173,358,431,324,390,383,455,337,484,327,391
0.9288356461421688,11,1,465,402,357,146,417,523,602,384,511,280,657,330,235,293,445,434,520,481,312,488,618,375
0.22788475144395814,10,1,365,457,307,520,390,454,421,545,313,566,589,464,334,537,285,543,542,517,413,325,348,424
0.4969882637613041,10,1,399,430,431,520,424,366,327,583,554,344,336,561,780,422,489,571,381,409,386,565,359,452
0.6291419174941114,11,1,422,427,419,452,343,362,546,599,485,519,361,154,367,412,427,427,307,569,376,391,378,435
0.8855263020290335,11,0,446,328,389,311,513,410,351,475,518,323,501,458,391,187,494,417,598,338,559,129,675,338
0.8260284217707977,10,1,440,464,446,464,565,346,511,452,491,461,505,528,335,554,621,429,483,530,546,459,393,317
0.49043800992743425,11,0,398,370,408,532,378,383,559,442,527,374,526,498,330,484,518,317,500,523,372,337,525,455
0.8271208437442273,11,1,452,413,523,301,592,556,231,428,432,327,372,381,588,296,376,359,722,383,418,447,562,432
0.27393865192181,11,0,370,349,418,329,233,362,492,367,313,574,224,321,307,199,402,502,259,259,385,278,399,422
0.6590127176359942,10,1,423,441,384,409,337,378,411,556,452,487,392,394,410,357,668,367,320,331,367,451,328,380
0.5241819977285783,11,1,404,430,469,361,393,391,419,305,477,648,461,564,334,361,363,249,487,392,377,322,412,451
0.12963619847906604,10,0,342,391,411,290,134,314,410,485,360,109,285,383,236,312,326,481,364,581,393,309,292,163
0.06439313839747451,10,1,349,479,309,441,351,513,328,645,324,471,265,394,279,612,319,581,203,433,526,386,348,380
0.07893848607305609,11,0,350,323,291,325,354,436,341,453,429,441,324,360,280,460,372,265,336,332,548,561,236,396
0.21366471185424496,11,1,354,417,278,445,322,370,289,580,364,321,315,427,510,469,403,417,570,420,301,452,398,428
0.6695183987170998,10,1,425,443,290,358,326,391,482,354,512,347,385,434,357,334,242,367,659,529,258,580,486,299
0.7826166958156727,11,1,446,418,602,523,600,577,417,433,463,369,499,663,352,384,415,381,448,445,412,498,336,368
0.9592386590796175,11,1,469,398,422,383,491,337,378,528,387,429,670,395,395,211,576,448,304,381,557,455,333,332
0.36327809908683983,10,0,377,373,449,338,215,484,301,362,424,432,289,382,278,425,341,436,435,443,468,323,535,452
0.10868358683113288,10,0,339,393,471,362,426,308,187,316,276,313,433,377,369,368,338,422,364,360,584,432,271,414
0.6751361180643214,10,0,429,375,590,176,437,283,237,270,393,308,485,468,458,368,607,551,365,359,447,413,525,348
0.029327172369279952,10,0,330,403,226,500,439,566,401,245,360,376,359,334,193,369,292,360,386,168,317,542,243,398
0.09934725754284757,11,1,338,406,541,624,465,363,507,293,414,157,380,578,281,489,410,419,299,350,449,386,307,432
0.8607175395485275,10,0,457,390,566,458,338,241,517,637,408,567,461,332,335,404,316,387,486,366,569,175,400,326
0.13187237634365534,10,1,356,470,462,637,212,447,294,387,144,535,292,481,412,378,318,647,290,553,422,494,393,364
0.3055790673497404,10,1,373,446,383,504,286,497,412,408,334,205,292,531,397,489,414,587,315,408,552,596,346,508
0.987834867787975,10,0,472,405,517,405,571,378,550,342,486,492,357,365,500,274,510,492,635,413,474,424,406,444
0.1429303534176839,10,0,344,390,355,658,293,449,423,328,405,407,180,557,265,608,314,401,347,403,457,469,255,532
0.857880027159036,10,1,443,469,548,413,399,451,339,431,589,370,420,378,303,412,391,401,304,550,430,551,413,525
0.3335372619490531,11,1,372,426,323,481,320,363,466,520,371,417,451,325,278,469,398,360,528,548,219,345,212,577
0.9195344054800693,11,0,449,323,241,302,238,409,395,295,318,442,370,394,653,371,530,338,259,207,555,304,278,415
0.4774285307940471,10,0,396,370,537,373,445,374,300,472,436,344,491,327,395,373,381,435,430,328,423,299,351,382
0.3899550349035267,11,0,383,364,526,369,475,551,358,225,333,440,289,407,298,306,488,335,386,359,415,387,302,264
0.18172984130467051,11,1,349,414,370,314,477,372,342,447,482,377,409,234,373,370,473,375,430,501,507,403,185,561
0.3062929109809157,11,1,368,424,339,582,395,483,349,242,519,241,578,457,493,444,331,324,331,484,293,396,475,321
0.9654211115731843,10,1,454,483,435,544,319,402,633,486,319,447,421,450,452,400,372,533,400,399,337,557,378,393
0.20516273112160832,10,0,353,384,343,377,401,443,366,334,437,512,381,408,328,435,471,329,271,370,547,393,423,415
0.1056291557837018,10,0,339,394,339,99,330,364,372,233,363,515,421,586,428,338,425,310,345,428,284,409,351,562
0.9428799984880707,11,0,452,320,465,285,325,405,601,432,291,392,419,232,344,273,340,361,308,269,533,227,474,416
0.340186185921186,10,1,376,441,474,569,286,339,296,416,504,524,319,447,265,448,436,465,245,409,362,556,399,518
0.029949823151426802,11,0,345,316,387,385,439,406,369,304,424,567,279,217,154,308,439,518,225,375,387,396,307,425
0.4982225340586931,11,1,400,430,403,443,499,395,478,277,278,377,538,518,549,493,484,233,442,484,378,544,369,513
0.6585087256284753,11,0,423,359,318,274,391,328,626,587,548,346,438,401,368,272,325,456,518,430,346,338,602,300
0.04579582867551946,10,0,332,401,275,331,459,279,328,371,300,207,265,583,278,467,124,417,162,398,273,398,195,314
0.2081666736054072,10,1,363,460,329,273,206,446,338,515,183,408,325,483,289,450,354,354,316,456,285,289,131,445
0.733892017370033,10,0,438,379,447,498,468,281,520,549,271,454,455,595,262,273,475,371,402,468,436,277,376,428
0.08006553339286793,10,1,350,477,332,558,475,436,349,507,337,348,256,437,307,584,375,299,375,398,641,445,330,609
0.5780096199741473,10,1,413,433,330,266,577,441,496,393,398,510,602,366,459,531,456,367,280,194,309,334,345,393
0.7651315145502925,10,1,434,456,480,446,631,499,471,431,409,545,406,506,278,472,386,356,471,521,432,454,332,357
0.7095933881946415,10,0,435,377,532,332,457,445,353,380,417,237,342,279,360,272,459,506,422,316,404,370,597,475
0.31821826104578466,10,1,374,444,414,344,551,551,333,356,320,266,370,331,386,299,289,562,319,253,362,297,414,426
0.17021232978810552,11,1,348,413,398,413,257,318,163,402,167,417,279,425,444,465,295,679,323,547,376,527,233,303
0.7653798933644426,10,1,434,456,436,258,409,407,485,296,456,398,502,238,351,326,471,485,444,379,490,436,443,552
0.006377857739430115,11,0,343,313,76,457,376,297,314,390,435,374,275,266,403,306,252,318,322,249,259,309,494,405
0.8554490278617473,11,1,456,411,506,351,232,352,318,406,323,225,371,145,431,474,426,398,391,346,621,407,486,580
0.7359923670865608,10,0,439,379,552,282,510,428,618,461,383,148,321,487,441,413,329,394,587,402,613,443,581,297
0.5338132123629599,11,1,406,430,499,317,575,161,361,381,485,499,354,276,349,275,450,411,355,465,370,387,422,434
0.23251233132867677,11,0,366,344,317,323,478,107,543,320,377,371,400,318,214,408,596,267,263,496,214,334,363,301
0.11122692821168334,10,0,340,393,333,294,265,343,238,401,247,395,434,348,191,431,398,321,473,403,318,323,453,301
0.09914859806082643,11,0,352,325,197,483,337,268,464,465,281,305,239,376,352,181,275,407,560,380,421,386,360,449
0.9236447068359214,10,0,464,397,526,355,459,136,589,291,476,337,328,362,196,357,466,510,588,489,405,298,421,481
0.012264273505032008,11,0,344,314,222,144,409,423,222,258,356,436,172,336,343,251,482,444,344,358,470,407,185,189
0.472107332732002,10,0,395,370,365,527,526,307,351,483,292,422,505,373,502,354,413,392,495,428,507,397,435,323
0.03943503784738822,11,1,331,398,255,604,346,481,177,333,186,342,159,305,333,483,136,368,276,535,254,405,389,523
0.631395341308407,11,1,422,427,500,575,472,156,315,527,443,469,459,448,374,393,382,297,535,305,293,490,427,758
0.07412347183713652,10,1,350,478,547,590,271,568,214,603,174,399,266,365,423,650,284,459,388,462,186,498,288,359
0.04935435900778051,11,1,332,399,319,168,357,266,230,399,270,470,291,380,343,383,347,503,225,500,318,581,372,180
0.9459882663592089,11,0,452,319,270,237,487,72,509,295,681,478,432,342,576,206,450,425,474,353,283,245,361,423
0.8289250609126796,10,1,440,465,504,510,361,240,340,462,556,612,359,557,337,542,445,608,483,517,332,415,334,511
0.06933518066371902,10,1,349,479,499,383,405,430,210,495,274,513,199,356,348,518,357,487,111,446,305,510,330,536
0.890876780901262,11,0,447,327,364,270,369,378,476,621,632,227,360,431,344,282,584,374,323,330,370,367,410,209
0.48304588086144906,10,1,397,430,379,315,396,411,372,588,458,387,214,310,444,177,301,421,407,608,331,370,282,419
0.25919222129392416,11,1,361,421,446,425,282,323,304,434,288,276,420,404,395,272,535,408,464,652,293,657,418,417
0.9240391395872936,10,1,450,478,236,598,624,366,467,527,544,601,241,413,372,406,306,531,506,561,578,417,583,522
0.12436636285298264,11,0,355,329,251,241,311,142,506,219,362,257,433,357,324,461,279,423,405,292,228,341,485,288
0.45900795929594274,11,0,393,369,580,449,339,250,426,391,335,395,302,345,459,362,505,412,318,357,476,256,331,512
0.34345704679099154,10,1,377,441,292,396,360,415,439,379,203,491,334,477,370,447,448,461,355,494,563,414,528,374
0.5572877556743279,10,1,410,432,530,379,399,621,403,455,307,481,175,343,358,346,450,523,553,328,435,426,462,565
0.12930228847794056,10,1,355,470,330,538,239,504,181,521,85,457,400,489,458,505,234,424,368,633,388,581,302,559
0.1555631986858016,11,1,346,412,213,473,491,415,235,386,412,476,202,390,417,573,228,612,462,396,395,469,280,358
0.44049622952159373,11,0,390,368,374,318,456,372,277,225,645,409,632,422,407,244,349,411,444,424,380,566,445,443
0.7791063772324613,10,0,445,382,543,431,444,367,379,506,463,455,500,239,526,413,402,356,369,268,677,378,457,336
0.5762185755073506,10,1,413,433,478,619,519,255,365,494,350,486,520,419,330,359,355,473,462,463,459,536,320,684
0.10659400715616307,10,1,353,473,350,476,450,606,259,557,579,566,238,408,364,278,271,629,293,447,84,345,454,340
0.4815168375483371,10,0,397,370,262,504,458,412,343,366,437,381,474,380,351,518,192,462,535,479,297,361,423,403
0.8385474100567518,11,0,441,334,303,489,555,375,415,374,465,327,387,309,428,160,272,142,507,421,468,361,417,406
0.35144032816377013,10,0,375,374,357,117,383,382,220,337,359,439,351,338,422,448,461,350,329,375,256,416,315,256
0.91408967130209,11,0,449,324,454,542,432,597,438,483,470,201,409,325,373,244,618,372,478,391,354,287,404,271
0.11925587651253411,10,1,354,472,372,653,209,650,517,287,149,491,290,411,254,400,505,546,313,456,381,290,367,523
0.3211851928927376,11,0,375,356,93,519,232,326,390,403,606,319,310,410,418,468,411,495,235,331,400,564,396,387
0.5854629189724504,10,0,414,371,331,449,446,194,289,407,475,286,167,356,502,406,420,375,449,274,520,257,303,336
0.18038079890351877,11,0,360,337,493,307,336,365,448,456,460,493,186,197,235,354,368,156,319,346,558,455,248,192
0.9715913302366963,10,1,455,484,453,531,534,566,447,561,671,739,391,543,499,482,418,491,456,601,341,540,482,425
0.22700572227319193,10,0,356,382,608,390,300,276,382,587,320,314,182,558,226,404,417,165,393,460,212,496,297,283
0.33181095318486875,10,1,376,443,330,454,469,285,458,415,555,329,527,480,418,397,304,475,505,685,399,351,348,469
0.6197486851937117,10,1,419,437,261,387,468,398,480,393,298,508,313,506,378,419,249,531,432,327,396,653,438,547
0.6413934255020002,11,1,424,427,384,424,449,520,351,467,421,510,454,306,392,290,454,489,446,273,498,502,403,341
0.1195585242817685,11,1,341,408,229,467,453,365,579,334,243,379,338,543,417,482,243,539,320,489,331,218,414,490
0.043598933302073095,11,0,347,318,307,370,526,264,409,199,359,467,437,461,247,355,318,466,243,208,353,277,359,368
0.422788875559324,10,0,387,371,423,282,427,357,342,432,329,494,429,570,251,459,331,263,263,468,376,463,375,296
0.6912655183172551,10,0,432,376,287,366,397,411,189,345,555,233,549,480,438,422,358,457,468,277,458,501,526,469
0.7678895464695953,10,0,444,381,438,260,261,333,487,165,486,454,272,251,344,493,479,349,539,366,513,474,452,420
0.025859163694868403,11,1,330,396,117,318,322,297,309,418,388,454,370,418,416,386,345,578,353,527,387,435,234,228
0.8590008113487202,10,1,443,469,572,361,532,501,504,317,388,370,394,462,265,451,383,416,436,355,426,360,279,517
0.924220365041509,11,0,450,322,523,238,546,301,336,405,350,346,397,157,520,276,474,329,621,259,484,221,434,427
0.9716588688848801,10,0,470,403,653,277,504,406,424,413,656,425,438,524,441,517,504,329,482,343,518,434,347,437
0.9659416132066287,10,0,469,403,441,514,331,369,388,309,495,388,480,292,413,398,336,341,509,361,555,582,420,600
0.8287139357656074,10,1,440,465,227,561,497,563,522,616,330,412,472,492,384,392,527,472,399,596,573,442,512,480
0.5969943703657915,11,1,416,428,284,520,436,421,457,443,443,329,656,314,417,647,357,405,528,370,411,435,553,489
0.04174046919622176,10,0,332,402,336,402,407,467,413,364,283,388,243,372,362,443,409,436,329,469,170,501,294,368
0.6489136135153836,10,0,425,374,305,486,446,489,478,271,266,364,241,488,449,333,305,335,364,483,318,455,394,603
0.30194245204079573,11,1,367,424,406,548,258,498,409,471,451,387,506,453,257,689,235,277,386,567,154,620,367,418
0.285208732522345,10,0,365,377,464,369,538,343,273,410,348,490,340,413,225,320,216,650,288,419,425,320,438,289
0.3551506652183085,10,1,378,440,316,508,389,303,260,417,316,330,401,370,204,492,510,515,503,547,292,411,692,299
0.8158976035408756,11,1,450,415,218,361,489,256,557,439,482,500,525,432,443,333,398,342,291,172,564,386,514,399
0.47327256379627425,10,1,395,430,311,524,469,424,217,490,482,320,327,428,291,380,407,479,328,428,412,459,516,508
0.9846309697241966,11,1,471,395,327,487,602,299,655,199,645,444,476,265,538,485,554,383,565,375,360,441,447,329
0.6318117713835489,10,1,420,438,492,289,562,540,275,608,342,297,451,395,459,362,461,434,485,361,346,306,324,348
0.6087429243908062,10,1,417,435,378,440,597,317,571,434,450,375,482,395,327,556,522,463,478,387,502,503,554,670
0.9120338413278192,11,0,449,324,465,311,509,269,324,241,444,300,537,344,379,490,423,480,479,194,460,256,467,314
0.2975675161233141,11,0,372,353,503,406,704,246,297,321,298,440,459,397,303,281,272,252,339,282,245,391,398,316
0.47974732803331943,11,1,397,430,528,494,350,517,398,374,401,363,397,596,220,455,302,413,358,404,633,284,459,208
0.6122744560480549,11,0,418,364,436,316,428,340,459,349,350,534,232,264,550,437,395,119,462,246,396,505,187,258
0.9630334575916778,10,0,469,402,379,431,564,320,540,333,550,527,505,477,657,270,575,259,518,327,428,586,414,398
0.5261352850664698,11,0,404,370,394,355,293,283,589,536,401,389,347,263,478,416,438,583,98,377,365,319,449,425
0.8785553522931923,11,1,459,408,360,486,453,393,517,406,428,356,430,487,339,379,637,347,478,404,455,481,450,281
0.7690076844069005,10,1,434,456,438,366,444,302,464,465,506,398,468,515,350,333,367,638,394,563,493,510,447,337
0.34755460188670395,10,0,374,374,328,538,327,474,538,335,389,366,433,305,349,378,339,242,325,603,330,411,408,333
0.5604692675852829,11,0,410,368,457,196,468,318,562,582,506,351,423,481,267,184,342,411,185,447,530,523,531,394
0.2784199808851201,11,0,370,350,365,424,335,409,372,510,245,119,494,285,335,153,368,409,471,334,353,299,348,339
0.9986668614189823,11,1,473,393,418,343,537,399,472,505,412,379,637,213,616,378,602,291,527,416,389,320,489,406
0.16426502393885,11,0,359,334,291,384,445,340,278,277,476,370,478,364,281,377,352,356,289,531,295,470,231,407
0.4646531074275919,10,1,394,431,256,411,308,412,477,635,313,479,560,496,342,418,424,466,285,318,462,394,548,417
0.2872835326700609,10,0,365,377,299,355,383,448,551,462,361,488,175,188,464,422,538,213,420,406,515,344,292,427
0.6385102150721195,10,1,421,439,547,296,385,440,497,269,494,414,350,561,416,590,537,465,521,353,225,506,289,291
0.0995587600091914,10,1,352,474,427,247,342,543,216,335,354,506,361,606,299,486,420,583,309,579,424,419,392,481
0.5264429189874384,11,0,404,370,124,408,628,495,427,379,405,228,480,233,328,350,465,237,387,339,191,688,321,417
0.13601325217078308,10,1,356,469,306,519,330,682,341,513,545,394,420,564,426,364,183,524,298,533,194,554,361,424
0.5121023944830131,10,0,402,370,306,367,221,334,393,347,487,708,364,328,512,562,266,468,345,282,507,344,279,463
0.8620407250097422,10,1,444,469,494,347,497,419,503,493,611,491,374,533,625,447,756,593,294,499,333,451,460,509
0.7186104191101325,11,0,429,351,463,571,520,490,574,262,403,413,518,383,405,363,482,355,472,287,499,444,176,293
0.8252460005041282,11,1,452,414,543,290,580,189,432,385,570,495,320,580,272,503,478,155,491,266,542,409,342,411
0.1593219161020062,11,0,358,334,380,368,230,438,388,454,294,456,357,332,179,301,513,396,431,379,373,188,248,317
0.9148319708349196,10,0,463,396,457,515,503,397,477,320,354,387,351,383,637,486,418,475,423,464,385,412,369,461
0.8622482414648684,11,0,444,331,512,433,340,226,307,495,516,382,543,456,474,370,411,407,276,289,337,321,298,256
0.4183140577257951,10,1,387,433,515,524,208,392,452,312,422,417,206,249,161,411,494,667,477,546,420,277,443,324
0.1383302961763465,11,1,343,410,443,526,188,165,338,364,424,518,184,269,437,262,293,503,462,419,225,426,447,515
0.656779709224242,10,0,426,374,254,297,554,410,589,444,427,317,513,367,443,432,524,274,516,337,513,366,387,254
0.5740168381815454,11,1,413,429,420,446,390,549,336,357,414,292,328,280,374,369,459,388,516,439,399,505,439,406
0.04826335357229461,11,0,347,319,461,445,125,242,465,217,264,225,194,353,420,561,352,282,228,153,219,283,294,334
