TrueLocationParameter,Configuration,TrueModelUpDown,TrueLocationP,TrueLocationQ,P0,Q0,P1,Q1,P2,Q2,P3,Q3,P4,Q4,P5,Q5,P6,Q6,P7,Q7,P8,Q8,P9,Q9
0.19527099324458919,10,1,362,461,437,440,407,603,347,545,239,430,470,334,476,566,314,468,456,500,384,462,425,419
0.2521298344735948,11,1,359,420,257,219,363,480,307,320,254,537,565,373,400,480,460,149,434,440,433,423,334,230
0.07440957100828649,11,0,350,322,337,316,388,88,346,527,226,472,341,377,327,234,510,343,294,246,255,566,412,162
0.0441011841398411,10,1,347,482,487,553,437,520,384,480,364,369,565,371,385,338,403,443,303,427,347,505,331,420
0.8158103475731298,10,0,450,385,405,458,478,369,510,487,460,503,601,403,340,359,580,248,546,358,466,479,319,527
0.32745964525744653,11,0,375,357,385,498,286,287,271,315,227,423,531,375,334,292,347,593,346,349,299,354,208,233
0.5712864688356097,11,1,412,429,333,510,378,233,457,483,575,454,377,606,252,242,244,646,295,319,436,451,404,380
0.9624943912758771,10,1,454,483,601,640,383,409,282,492,595,324,475,331,396,440,574,521,537,615,430,507,689,456
0.2786272547665798,11,0,370,350,354,447,503,237,419,309,479,463,220,479,523,376,219,328,431,392,452,513,439,68
0.004865333730175392,11,1,328,394,335,393,387,297,439,452,523,488,360,412,278,408,481,217,213,299,393,541,283,312
0.14017969450456824,10,1,356,469,395,475,435,624,377,503,351,365,266,375,321,459,424,473,150,638,389,452,479,340
0.8367941632863554,10,0,453,388,749,328,327,162,389,290,324,374,615,308,505,409,342,343,623,437,633,337,481,433
0.3705443277438982,10,0,378,373,237,367,314,441,353,376,452,417,445,317,432,514,473,540,522,246,443,370,461,382
0.6611822327944351,11,0,424,358,316,187,496,343,251,412,384,291,344,360,509,292,331,542,422,324,381,429,417,295
0.4815783804809973,10,1,397,430,369,407,297,417,306,402,333,557,272,303,259,402,359,593,245,277,676,348,167,373
0.6954654094411993,10,1,427,446,440,415,587,485,381,361,347,480,376,628,448,365,501,406,376,400,529,256,330,405
0.6598190043803613,10,0,427,374,560,439,406,428,473,395,552,444,465,372,557,512,532,416,502,327,406,391,202,320
0.7658422931143348,10,0,443,381,539,371,373,483,472,522,493,218,642,304,697,218,570,162,407,274,509,450,662,555
0.15043729638632142,11,0,357,333,463,249,414,417,273,404,354,208,433,329,392,339,424,325,390,384,452,257,319,344
0.24987724702708214,11,1,359,420,294,348,467,284,408,521,437,568,186,571,213,407,322,451,363,541,176,205,263,431
0.12847200358589228,11,0,355,330,346,203,263,117,399,280,305,382,205,528,368,312,399,397,176,412,45,326,424,376
0.5540053669288091,11,0,409,369,405,343,291,415,391,419,394,323,548,319,398,349,686,317,559,164,546,293,309,433
0.596498477542352,10,0,416,371,318,332,300,240,518,262,355,627,391,488,290,313,383,304,467,376,635,274,360,350
0.8473607832765244,11,0,442,333,300,168,382,210,266,127,468,356,415,396,457,403,451,264,188,269,565,246,479,391
0.9362662518407552,10,1,451,479,731,322,472,496,387,393,378,455,424,407,487,468,340,540,490,564,562,540,544,432
0.26436317910326523,11,0,369,348,360,364,263,221,320,472,408,177,343,369,544,288,483,333,500,293,439,11,470,475
0.23320427605706284,11,1,357,419,423,504,498,255,332,433,377,462,259,412,225,491,338,308,506,442,567,443,369,568
0.6702072259108255,11,0,425,357,511,320,379,300,464,443,509,259,357,535,510,280,561,421,370,401,381,366,455,434
0.752678989766534,11,1,441,420,370,464,573,343,525,446,332,343,243,413,528,411,506,335,356,416,367,451,317,392
0.592066364488841,11,0,415,366,441,419,447,415,276,369,574,535,490,330,438,397,268,529,357,139,504,329,498,411
0.9778187169518201,11,0,455,315,491,206,285,331,466,450,340,322,387,314,469,532,456,372,431,228,596,369,301,491
0.8380204149287392,11,0,441,334,563,292,639,426,468,448,277,301,528,247,466,442,435,436,487,378,477,494,602,280
0.11960467064310554,10,1,354,472,242,501,223,411,373,514,339,577,164,604,292,546,269,534,618,528,216,543,357,553
0.4079558372705022,10,1,385,434,338,683,441,335,592,366,492,398,320,422,371,516,494,339,378,406,418,357,308,466
0.8350436522618704,11,1,453,413,493,402,405,364,319,510,393,573,382,561,423,386,320,447,508,471,241,313,494,435
0.05465714247650055,10,0,333,400,290,436,350,265,384,396,351,566,348,375,380,344,385,381,399,534,393,257,214,383
0.5475433855593276,10,0,408,370,431,231,401,333,521,378,371,473,308,471,443,492,358,176,442,479,524,302,530,426
0.7108667895387105,10,0,435,377,378,395,485,272,322,453,625,558,316,378,292,360,466,410,416,209,446,395,470,588
0.027654743879646504,10,1,345,484,416,631,269,337,531,453,401,442,333,339,275,503,300,355,299,431,339,588,509,475
0.22393212498940118,10,1,365,457,304,361,527,442,242,675,271,434,356,502,443,500,557,649,413,348,313,564,360,384
0.4251878169872634,11,1,387,429,478,433,369,541,382,451,596,435,260,261,410,553,299,420,355,220,380,403,351,456
0.40853762445024744,10,0,385,371,230,516,162,433,392,404,305,321,257,322,490,274,293,325,333,360,121,488,363,178
0.3122446058819427,10,1,374,445,495,445,474,434,480,360,241,394,439,437,315,223,341,546,400,371,204,412,542,427
0.6449023890870975,11,0,422,360,416,262,529,402,420,333,717,306,589,467,585,85,452,347,510,492,447,384,580,441
0.2508172339770125,10,1,368,454,462,423,391,474,590,519,380,456,290,324,291,402,436,619,510,511,271,135,209,403
0.5966961562351247,10,1,416,434,663,357,230,430,516,449,308,571,408,361,377,391,410,226,513,540,500,414,425,411
0.2223027600074693,10,1,365,458,333,591,347,543,205,322,397,451,388,463,280,425,439,559,416,472,326,741,588,391
0.08311345887036103,10,1,351,477,343,354,335,367,400,553,581,525,373,461,406,518,372,436,316,464,469,424,271,468
0.6800767381824663,10,1,426,444,294,460,306,680,484,340,330,295,323,344,442,537,565,361,623,440,582,272,560,454
0.7886706956420145,10,1,436,459,457,552,281,487,337,432,417,452,318,462,470,449,454,444,440,437,483,429,494,485
0.14521682684080894,11,1,344,411,331,350,417,409,377,424,404,370,400,412,346,445,265,428,495,512,282,469,260,484
0.9195158943427447,10,1,449,477,565,549,520,550,268,296,526,472,381,448,437,552,555,584,489,468,591,549,440,524
0.6353083675207483,11,1,423,427,430,357,368,418,257,468,388,398,367,358,289,499,370,505,454,288,368,421,442,396
0.6478167102830843,11,0,422,360,338,495,298,437,591,360,450,416,482,399,508,386,507,283,525,322,469,401,434,275
0.04135782086705608,11,0,347,318,470,144,152,306,369,258,446,231,303,405,404,310,485,278,292,256,400,243,350,370
0.6218574234444295,10,1,419,437,405,649,348,391,421,600,325,516,433,463,327,369,418,412,243,396,286,280,425,515
0.1731760994171403,10,0,348,387,220,353,247,311,239,184,282,574,269,328,205,333,309,405,177,433,389,331,427,388
0.526066153477498,10,1,404,430,309,517,396,451,350,447,293,510,445,211,303,369,185,266,409,496,328,501,431,448
0.9371869805591855,10,0,466,399,288,494,458,426,579,297,245,381,497,498,482,383,452,382,256,455,468,431,543,471
0.8848540589253078,11,0,446,328,267,385,324,226,395,230,528,385,478,267,540,331,471,397,485,406,302,296,542,354
0.5744182684732243,10,0,413,371,217,508,332,563,584,228,466,451,333,432,448,425,392,313,334,320,536,347,385,474
0.10199092672368093,11,0,353,326,437,313,429,420,292,319,236,460,401,292,264,284,426,426,331,210,356,404,355,492
0.15831843540549062,11,1,346,412,109,500,265,465,318,235,217,515,305,342,329,520,313,531,360,352,280,345,331,356
0.5846384533351467,10,1,414,433,602,315,485,457,377,420,445,379,325,421,677,329,372,250,380,394,588,531,486,424
0.7610233240572783,10,0,443,381,564,495,599,449,393,370,445,379,362,497,282,295,545,317,488,434,398,387,412,375
0.8980600437194779,11,1,461,406,458,211,546,454,560,322,509,515,582,436,410,473,408,396,365,310,451,362,681,431
0.1567564210774809,11,0,358,333,355,364,316,500,542,312,410,324,263,428,549,434,141,299,143,110,370,442,380,528
0.26546306807830145,10,1,369,452,265,515,258,301,333,417,381,324,353,581,434,431,548,498,375,310,521,365,390,380
0.28053334430858134,11,1,364,422,471,585,328,260,273,370,421,586,444,196,384,460,264,331,243,543,394,247,384,359
0.5119098699951419,11,1,402,430,335,559,542,344,396,545,606,515,663,650,261,199,480,348,466,483,177,330,377,524
0.39208290410392777,10,1,383,435,301,464,231,403,547,319,479,547,513,473,544,528,286,561,387,357,475,478,294,485
0.43058033808800455,10,1,389,432,123,410,194,495,367,369,340,571,586,505,406,552,589,388,479,415,384,394,322,539
0.7090489115910918,11,1,435,423,454,396,506,421,456,252,385,316,276,189,492,179,536,378,471,529,582,372,395,492
0.07753586588611616,10,1,350,477,418,338,356,354,446,557,205,366,292,480,381,565,344,372,443,673,206,645,266,606
0.43581632100080203,10,0,389,371,435,381,453,602,556,364,559,341,404,453,332,417,232,454,310,268,531,321,465,164
0.1762878979059389,11,0,360,336,170,378,460,350,269,477,481,359,356,411,186,526,471,296,203,296,337,476,415,425
0.367235064325769,10,0,378,373,367,388,396,312,235,550,491,410,406,249,373,344,273,322,337,480,427,434,314,370
0.2189260592040274,10,0,355,382,402,368,271,444,228,449,369,392,349,376,254,417,378,519,290,275,315,486,469,261
0.7879874936331196,10,0,446,383,397,448,498,412,285,310,438,335,395,362,408,525,453,471,457,418,377,322,400,371
0.14317961919901534,11,1,344,410,287,543,260,334,411,366,450,438,302,458,365,296,417,481,477,471,426,407,408,374
0.44723582420775787,11,0,391,369,393,240,300,363,283,375,388,406,546,509,360,283,354,297,484,394,464,240,534,316
0.09011071724801645,11,1,337,404,438,528,459,377,273,530,365,611,344,200,326,286,504,269,380,308,273,406,564,556
0.23413676588266918,11,1,357,419,458,435,334,527,344,430,248,392,340,526,456,446,167,535,416,519,472,451,390,373
0.019916914051565482,10,1,344,485,85,394,334,414,267,599,265,315,351,534,214,555,251,384,442,328,287,487,383,369
0.6726407779361653,10,0,429,375,604,499,478,494,487,473,588,341,422,305,557,447,350,550,353,305,569,436,423,514
0.46411474977743916,10,0,394,370,384,409,331,458,273,399,229,370,326,360,304,295,314,574,538,443,377,263,425,337
0.012848603682967141,10,0,328,405,388,371,418,557,383,254,427,596,409,506,320,612,316,286,407,318,403,281,53,376
0.9778419681749434,11,1,471,396,450,344,563,85,609,415,383,559,365,507,593,552,488,421,589,365,572,415,598,509
0.8167824791128195,11,0,439,337,386,318,378,169,482,450,374,208,339,415,339,262,420,382,322,428,483,396,490,383
0.16920312825432016,11,1,347,413,281,226,408,401,379,446,439,388,388,465,209,261,231,426,395,367,515,453,293,300
0.16664254472134188,11,0,359,335,361,356,560,538,542,362,358,545,331,198,236,227,244,353,268,430,469,372,297,450
0.49932942963914095,11,0,400,370,535,359,264,381,253,412,402,359,337,358,546,404,504,202,313,280,457,456,435,392
0.7160138877075576,11,0,429,351,439,329,376,321,572,309,500,190,329,394,524,376,408,378,340,272,306,224,590,466
0.4428413525788557,11,1,390,429,418,245,397,429,343,320,445,490,368,417,295,401,536,393,428,417,307,550,378,525
0.08200331989598764,10,0,336,397,378,418,373,448,466,404,368,514,223,385,298,381,442,292,451,301,271,499,434,295
0.817550853523071,10,1,439,463,322,458,509,512,500,447,488,516,309,346,458,544,349,483,436,417,435,368,411,338
0.5782051216836246,11,1,413,429,441,588,400,518,429,317,322,453,540,561,398,501,252,250,419,584,446,464,608,425
0.010657681870077429,10,1,344,487,241,337,306,600,281,616,301,544,249,587,441,531,285,485,412,702,304,373,347,598
0.1327758947544858,10,0,343,391,303,341,266,354,340,400,199,321,243,525,573,419,249,380,351,352,364,278,425,756
0.4595962641406407,10,0,393,370,505,348,372,279,510,291,454,360,449,291,311,492,379,352,355,291,199,311,369,354
0.6666406343012353,10,0,428,374,608,288,309,256,457,334,284,352,204,505,456,321,577,493,378,330,488,232,507,186
0.6848983228413326,11,0,426,355,396,483,497,561,494,420,327,218,333,267,260,292,494,333,356,212,471,560,380,317
0.2539438101417979,10,0,360,380,214,548,435,464,232,424,378,444,193,525,351,328,217,590,328,284,254,379,298,315
0.15375363230018524,11,0,358,333,414,228,93,326,478,201,378,238,374,297,194,204,375,337,440,286,380,449,297,396
0.6201901879022644,11,1,420,428,472,474,429,491,424,545,430,312,409,457,381,617,452,469,455,433,569,488,390,485
0.12555377727722883,11,1,342,408,164,463,325,496,225,305,273,272,265,295,230,507,334,419,52,455,362,461,544,503
0.4110137986410287,11,1,385,429,391,425,279,497,368,208,374,575,206,432,324,452,164,514,370,400,427,446,265,524
0.6564487035049361,11,0,423,359,382,297,419,319,412,329,568,403,289,432,344,364,434,418,491,334,231,273,459,243
0.583206534129442,11,0,414,367,456,265,310,406,454,614,360,157,192,325,539,289,521,287,302,431,496,381,254,249
0.05155908395471276,11,0,348,319,113,149,305,239,343,307,118,135,398,514,407,233,412,353,293,338,337,125,465,400
0.7430358496755883,11,0,432,347,593,178,471,286,465,246,334,357,298,336,420,421,443,575,515,221,195,269,265,398
0.19439041923610956,10,0,351,385,198,522,356,547,300,255,246,468,356,216,250,495,337,302,332,323,367,405,486,463
0.2967007074989494,10,0,366,377,180,264,317,487,527,385,315,478,241,363,340,305,435,322,377,296,308,366,335,448
0.47212724639911685,11,0,395,370,305,272,322,594,281,473,354,424,293,424,453,393,444,433,386,376,515,430,479,225
0.7072295532669808,11,1,434,423,422,465,457,369,392,603,471,516,366,360,482,543,376,373,427,570,485,334,225,341
0.0022252643607127975,10,1,343,488,451,412,325,366,157,321,338,444,180,345,440,439,281,587,327,591,312,586,299,454
0.731806801307771,11,1,438,422,514,294,391,462,221,386,396,475,339,431,455,577,511,236,451,392,347,273,393,314
0.8454342451159143,11,0,442,333,567,401,634,461,563,396,414,143,527,454,468,291,450,387,482,314,519,176,220,315
0.8744507866898654,11,0,445,329,515,343,528,413,343,302,347,310,572,415,600,205,494,259,485,434,420,417,448,306
0.02146026575419213,11,1,329,396,416,441,385,691,339,365,257,461,377,487,273,425,333,588,420,334,463,464,295,223
0.7483706493433991,11,1,441,420,496,534,407,347,413,461,158,398,390,395,428,65,319,362,660,428,477,324,376,477
0.33600947242613954,11,1,373,426,301,297,381,537,482,483,197,468,253,424,487,535,389,292,560,436,370,384,423,412
0.4173451120323831,11,1,386,429,342,339,409,619,327,560,261,540,475,470,401,490,474,362,456,240,302,543,358,448
0.272549117279026,10,0,363,378,442,456,489,526,428,418,469,500,459,365,404,557,266,297,256,193,363,485,512,301
0.9937745744612501,11,0,457,313,271,334,246,109,491,349,402,385,381,480,437,171,439,348,461,283,505,177,556,190
0.8528250629199252,11,1,456,411,350,400,485,348,407,400,299,422,357,338,660,434,369,341,325,311,560,508,512,452
0.7427068335103775,10,1,432,453,553,549,418,328,479,515,558,493,409,488,314,451,361,338,395,518,331,540,528,478
0.7635606516984241,10,1,434,456,429,556,367,525,460,459,362,690,340,407,502,335,299,445,427,426,634,198,436,342
0.7790192979193069,11,0,435,342,492,318,347,376,397,400,252,210,420,491,473,255,402,440,420,280,364,120,394,328
0.7465919696997164,10,1,432,453,445,614,484,308,369,390,423,481,489,589,410,524,441,492,531,512,279,444,385,492
0.34886166116316164,10,1,377,440,543,395,484,428,410,611,314,345,511,465,306,391,303,409,278,430,375,622,357,546
0.9716977563912524,11,1,470,397,591,410,399,496,448,508,391,390,254,341,399,226,543,548,507,340,378,196,358,482
0.8787604022465376,10,0,459,392,508,216,608,282,264,306,382,246,438,451,514,378,497,416,399,272,421,378,423,274
0.659792387384598,11,1,427,426,349,374,521,591,246,471,307,353,489,564,585,487,577,469,482,487,548,263,490,543
0.18495933430134248,10,1,361,463,390,280,417,244,468,363,403,405,402,316,436,546,531,592,313,571,292,553,345,385
0.3757476176866008,11,1,379,428,220,326,452,556,332,628,408,418,453,506,359,315,487,429,531,426,428,456,167,483
0.921005952001053,11,0,450,323,508,262,334,421,395,250,485,386,406,190,329,317,466,193,488,320,498,353,516,262
0.020328124630282662,10,1,345,485,342,457,474,501,360,596,334,496,604,435,400,313,145,518,355,447,446,480,416,367
0.5496469413671469,11,0,408,369,268,203,591,389,330,335,444,112,518,514,414,389,551,289,275,299,375,391,368,513
0.7912318917441207,10,1,437,459,523,553,564,578,297,345,237,580,439,405,439,406,485,466,469,556,327,520,409,408
0.7598922231023353,11,0,434,345,503,406,350,478,450,311,542,411,262,268,425,405,340,462,359,634,375,337,233,389
0.13843007878290503,10,0,343,390,372,593,301,198,398,584,434,288,243,306,388,369,371,483,238,289,248,388,336,542
0.8288620579725078,10,0,452,387,431,382,449,463,404,522,389,425,459,540,503,422,521,343,423,453,440,534,235,345
0.3586033859565313,11,1,376,427,406,236,432,482,348,264,253,446,224,425,481,527,219,401,467,525,358,310,220,616
0.7361587210643419,10,0,439,379,523,534,345,252,245,110,445,417,423,201,406,482,571,262,421,307,480,174,510,443
0.3547460228092766,10,0,376,373,382,652,407,458,452,329,299,419,415,446,239,251,407,409,320,455,340,33,375,296
0.6119686698149858,10,0,419,372,317,498,283,429,540,533,349,371,401,401,346,308,382,434,464,335,493,472,533,359
0.06131535981839764,10,1,349,480,230,387,494,585,358,558,422,549,388,369,183,433,366,424,329,563,292,591,338,500
0.12042630680862121,10,1,354,472,229,449,311,417,313,417,347,376,345,596,309,432,393,592,368,634,278,407,325,463
0.09465042718212502,10,1,352,475,477,392,300,559,356,402,524,627,417,322,558,460,365,318,282,468,326,455,293,523
0.8784733054408613,10,1,445,471,232,586,453,516,537,312,464,273,353,487,465,354,339,428,323,511,499,385,329,587
0.9268486768202157,10,0,465,398,460,491,368,503,511,187,554,467,488,551,411,489,499,607,591,514,471,297,414,491
0.5048088817838662,11,1,401,430,510,258,384,495,683,303,402,406,397,554,301,444,331,342,434,439,637,539,343,399
0.5980222454792496,10,1,416,434,331,697,371,460,557,464,274,422,492,522,345,528,519,359,483,185,494,457,317,441
0.9059007650293127,11,0,448,325,498,436,564,314,553,389,479,331,312,318,616,385,478,296,429,265,425,600,385,559
0.5886995689314237,10,1,414,434,506,360,332,243,434,355,569,339,249,396,397,604,310,361,419,473,236,541,442,578
0.19461231175442262,10,0,351,385,267,301,182,290,297,293,428,246,438,369,356,512,400,339,270,242,315,303,422,289
0.7419072824016534,10,0,440,379,510,406,326,333,571,402,427,572,543,494,469,369,508,246,431,531,591,409,405,412
0.8939551264419673,11,1,461,406,485,273,582,298,615,459,249,306,575,321,378,404,564,277,440,723,600,549,553,475
0.15819234196481946,10,1,358,466,493,487,290,536,462,467,176,632,273,584,208,425,425,397,245,345,344,538,192,366
0.6301141026373528,11,1,422,427,417,521,485,517,368,213,289,293,244,461,308,334,419,391,509,341,387,386,336,356
0.266065789118783,11,1,362,421,402,392,300,282,320,421,340,264,467,310,402,387,352,520,461,424,482,508,237,329
0.7367365695919319,11,1,439,421,433,410,461,533,421,431,475,399,465,396,477,432,582,447,614,241,508,568,465,308
0.3528025318004827,11,1,375,427,391,605,346,339,379,542,295,496,461,187,418,530,497,357,337,514,488,399,384,303
0.9787148194319757,11,0,455,315,451,313,430,311,639,443,271,325,302,373,510,267,502,397,462,343,533,454,532,237
0.5547437961036235,10,1,409,431,351,428,534,438,533,354,204,328,348,143,537,423,423,338,464,213,414,428,526,301
0.2427496631368964,11,1,358,420,552,478,390,461,300,475,366,445,434,504,433,610,371,484,348,479,241,430,321,350
0.8445225330808226,11,1,454,412,526,447,490,409,475,421,463,346,505,485,472,485,538,266,363,513,594,384,472,293
0.3461364669346704,11,0,377,359,457,364,423,173,448,347,439,423,258,585,138,348,349,292,331,309,473,362,248,426
0.6875764402786206,10,0,431,376,476,419,321,415,509,279,506,650,319,445,453,460,285,337,350,449,341,277,445,454
0.34386780619607493,11,1,374,426,509,457,342,554,298,611,549,473,406,420,425,250,443,507,576,335,393,339,235,360
0.9156546760061319,10,1,449,477,447,342,368,507,528,356,458,447,664,486,580,284,386,304,500,291,302,595,594,547
0.33037790974538717,11,0,375,357,346,221,391,485,339,431,401,467,340,224,423,398,386,193,328,233,457,514,333,560
0.5133648579659363,10,0,402,370,355,560,282,369,331,581,457,418,287,371,469,439,384,254,430,285,483,323,436,427
0.5926893197224946,10,1,415,434,519,421,348,538,506,337,357,556,499,540,343,506,505,383,452,539,337,725,338,623
0.22608621205324175,11,1,356,418,343,358,333,497,453,348,316,453,319,363,369,536,285,407,151,580,432,451,436,239
0.6182798943065927,11,0,419,364,496,345,358,364,327,270,351,461,489,352,294,517,360,294,347,424,374,279,364,336
0.13688596369531758,11,1,343,410,204,427,227,385,414,400,569,466,303,369,471,498,513,736,310,311,289,295,285,346
0.6367938953745458,10,0,423,373,334,493,370,568,466,408,311,535,423,329,405,339,338,400,481,314,369,335,444,235
0.20245212646319732,10,1,363,460,452,328,125,380,374,447,378,495,491,528,235,438,521,227,129,530,387,531,325,430
0.7647539206035824,11,0,434,344,584,222,350,299,310,359,483,382,375,361,229,304,507,227,201,186,406,228,367,275
0.4943475586352237,10,0,399,370,411,358,437,344,475,250,394,149,390,321,221,430,321,374,501,289,394,468,309,367
0.7569185579023379,11,1,442,420,522,281,377,409,547,471,377,326,305,418,318,405,444,419,518,326,340,596,284,499
0.35113387845636646,11,1,375,426,330,517,281,383,282,393,362,414,373,276,275,319,376,494,294,252,508,359,373,424
0.07562782418491476,11,0,350,322,231,252,280,218,430,369,227,372,383,252,347,348,475,234,439,296,335,311,399,262
0.7595850979502441,10,1,434,455,409,343,548,430,522,480,662,426,377,379,498,257,406,503,392,528,562,457,204,482
0.5856360264062879,10,1,414,433,258,326,444,600,253,406,486,433,319,394,355,481,599,324,396,374,409,375,289,551
0.9452662599115645,10,0,467,400,507,199,530,375,503,285,426,296,381,541,321,412,379,642,601,320,575,273,510,246
0.35329202632308887,10,1,378,440,435,394,388,266,419,499,394,379,395,468,389,373,140,432,367,525,477,680,439,447
0.5877560886932037,10,1,414,434,424,641,403,482,414,343,415,571,278,355,331,420,704,552,636,325,489,482,227,400
0.9890391706706892,11,0,456,313,554,481,397,329,540,147,464,146,491,376,306,398,493,326,370,447,701,415,617,426
0.10299358549572657,11,0,353,326,457,470,332,548,317,327,348,362,336,408,300,234,379,436,225,374,360,357,384,465
0.5155256844502816,10,1,403,430,364,316,467,495,361,453,429,434,433,268,382,469,396,527,382,560,451,385,335,545
0.3024714334137286,11,1,367,424,508,409,442,631,387,444,385,469,167,310,398,331,284,441,354,412,352,460,386,344
0.5499668715391968,10,0,408,370,465,293,506,562,329,365,398,429,473,284,384,166,392,325,429,237,231,291,421,160
0.2330103861114189,10,1,366,456,405,463,380,266,354,346,279,368,359,499,267,479,118,397,382,549,325,539,228,380
0.5089616005545998,10,0,402,370,468,406,606,454,381,258,436,449,429,371,384,189,357,249,356,416,482,339,395,269
0.8546024195531061,11,0,443,332,420,176,498,300,276,418,486,397,267,293,390,409,496,392,428,267,395,200,743,271
0.7374004707829208,11,1,439,421,536,585,379,351,463,607,340,547,376,571,499,363,500,223,248,540,377,578,370,368
0.40190922129273554,11,0,384,366,461,531,393,652,387,250,514,283,399,477,225,275,448,249,344,500,359,381,115,288
0.060416267132919255,11,0,349,320,272,362,192,330,325,277,438,280,541,252,403,258,358,285,299,280,402,317,324,17
0.744259197802763,11,0,432,347,507,537,588,467,482,410,356,394,552,338,479,249,269,427,569,454,334,490,311,194
0.24762227955886673,11,1,359,420,523,456,328,559,338,516,298,459,458,312,372,126,346,364,428,428,303,301,145,567
0.11020853551376875,11,1,340,407,417,374,338,512,282,376,406,389,425,548,495,452,345,418,536,376,379,692,334,290
0.5284839279542753,10,0,405,370,272,532,408,353,455,380,308,364,436,423,497,337,494,300,273,320,486,516,329,279
0.27712075161331684,11,1,363,422,352,362,217,436,392,616,195,550,467,255,334,327,444,443,287,370,389,379,387,393
0.49446638186067826,10,1,399,430,377,361,515,306,424,456,423,327,676,320,385,506,481,570,410,456,352,468,517,482
0.8612512151874283,10,1,444,469,407,378,483,527,378,616,449,384,345,549,553,626,365,404,440,488,245,494,452,681
0.049270070060263405,11,0,347,319,283,299,381,386,401,489,263,426,308,284,398,443,170,356,328,307,232,384,298,347
0.5277427995537771,10,1,405,430,492,434,206,488,644,484,428,281,474,303,473,392,326,475,189,473,408,722,297,561
0.8338323174801592,11,0,441,335,249,416,440,248,494,467,480,404,453,416,621,169,535,481,265,306,271,293,485,207
0.21519902403115543,11,0,364,341,330,393,303,289,403,472,420,460,286,208,381,529,360,347,354,389,386,523,367,170
0.10647167843067074,11,1,339,406,373,357,418,295,465,254,376,529,361,318,299,320,405,404,339,464,429,365,430,466
0.7826537093808272,10,1,436,458,451,164,130,545,427,489,518,513,432,334,288,272,408,404,381,457,371,554,484,500
0.17253176208864496,10,1,360,464,328,409,403,380,463,448,431,427,400,756,407,528,359,318,299,575,328,584,399,583
0.24677706042754854,10,1,367,454,328,462,297,350,363,555,386,456,450,599,509,441,473,291,279,655,499,471,276,419
0.015112017936398825,10,0,329,405,584,418,267,379,368,356,279,466,454,430,257,318,195,400,262,545,59,326,304,397
0.029095646376424145,10,1,345,484,452,491,419,617,187,486,354,514,396,323,523,523,256,382,371,500,312,610,311,428
0.22090651495609714,11,1,355,418,358,327,390,359,297,566,286,602,304,499,415,353,369,559,353,213,259,546,314,312
0.40861285138568393,11,1,385,429,572,477,447,456,450,445,581,507,435,483,455,524,331,549,354,446,307,285,355,505
0.3409179630807635,11,1,373,426,371,243,506,294,372,422,502,348,360,495,380,380,459,463,348,441,399,442,538,354
0.0004766503190752891,11,0,343,312,240,107,393,298,391,270,351,356,339,333,457,273,492,329,543,406,147,304,346,418
0.3033055127075117,11,1,367,424,465,513,426,523,387,506,345,334,383,471,460,486,173,432,456,377,165,426,323,699
0.6412233499395271,10,0,424,373,373,334,481,278,352,549,428,473,492,301,332,189,329,359,309,337,229,474,494,476
0.5721466571074679,11,1,412,429,397,333,454,491,379,465,398,390,391,454,213,338,359,399,305,431,407,414,548,475
0.7419960434024909,10,1,432,453,503,458,567,372,469,395,385,401,291,364,413,386,404,409,475,441,457,476,484,413
0.6020493189732833,10,1,416,435,500,613,326,359,344,454,321,397,534,488,545,419,486,253,483,504,493,422,296,522
0.015841994600097054,10,0,329,405,199,416,584,403,429,489,291,170,228,276,329,484,394,552,450,623,366,441,203,409
0.9869704224148751,10,1,456,486,173,547,537,336,348,486,505,587,380,320,610,618,459,396,380,448,583,472,496,514
0.2530340176141218,11,0,368,347,231,401,293,336,272,392,361,322,331,229,525,485,503,240,292,392,440,252,322,476
0.7087680719876548,10,1,428,448,513,493,499,406,348,408,414,403,417,485,360,365,496,585,357,399,366,219,375,675
0.9562680621372126,10,1,453,482,438,438,524,529,490,541,420,467,392,396,322,438,631,345,484,436,502,420,198,545
0.6559658550570717,10,1,423,441,465,571,490,381,393,321,479,552,539,426,411,327,449,305,389,716,442,458,480,361
0.27554260562199084,11,1,363,422,384,457,420,416,429,554,283,308,452,180,391,303,409,337,317,404,372,516,419,357
0.11717099930980601,10,0,341,392,377,261,239,336,521,272,362,306,360,382,258,335,223,539,249,380,453,237,414,259
0.8602438214899553,11,1,457,410,585,341,635,365,540,527,380,471,471,432,256,531,551,487,432,173,523,446,362,433
0.7162607831378034,10,0,436,377,356,426,373,315,416,313,410,523,231,449,371,310,462,587,479,288,524,261,452,337
0.04182596564703933,10,0,332,402,361,496,409,282,399,430,452,603,378,361,399,332,336,205,402,409,268,313,343,479
0.9824324147402821,11,0,456,314,440,459,312,117,412,327,636,253,428,434,411,163,505,298,348,351,366,349,567,334
0.38482781127871657,11,0,382,364,197,461,213,349,381,248,445,275,323,460,366,333,501,295,222,475,447,482,251,577
0.5753001227923638,10,0,413,371,413,275,265,467,424,345,307,479,463,379,485,384,443,573,363,473,305,405,583,416
0.48639835609678306,10,1,398,430,153,338,494,480,410,426,407,581,407,233,436,507,435,347,392,397,394,569,446,453
0.10196887260692133,10,0,339,394,317,369,287,266,241,388,484,380,443,407,483,419,450,228,281,404,441,330,308,471
0.31809274484098915,11,0,374,356,287,245,444,474,335,295,322,451,373,266,540,465,349,503,583,347,282,390,454,192
0.4825791669334649,10,1,397,430,289,480,308,98,389,541,417,238,303,272,490,578,625,332,285,325,382,463,388,540
0.3183039885853153,10,0,370,375,195,539,435,575,544,416,306,480,508,400,488,396,324,218,431,454,276,425,479,315
0.8528294820314176,10,1,443,468,393,469,641,398,260,480,539,361,390,485,451,598,613,545,476,536,225,457,614,391
0.550451011016369,10,0,409,370,329,337,506,432,334,228,439,391,426,236,643,329,346,326,510,459,226,406,551,428
0.9586214602541727,10,1,453,482,546,508,389,426,520,467,340,382,299,496,362,312,483,489,234,365,366,416,458,432
0.5305080626009849,11,1,405,430,479,239,597,337,403,494,276,697,437,303,514,544,443,422,361,469,462,458,367,318
0.5383043825873312,11,1,406,430,303,509,441,614,318,399,364,507,200,454,425,635,310,440,438,309,198,524,374,413
0.8423722776846803,11,0,442,334,344,493,519,264,411,355,463,133,392,402,627,570,569,326,555,177,456,212,447,281
0.6924312333379169,10,0,432,376,519,436,623,562,383,329,560,302,417,451,507,456,539,334,426,570,291,488,566,373
0.9077250138086818,10,0,463,395,373,344,621,501,508,404,597,350,575,465,514,473,519,558,449,603,538,455,408,309
0.533440432737107,10,1,406,431,452,720,642,263,331,315,445,284,425,307,517,398,396,427,283,233,467,245,431,219
0.5791132937176104,10,1,413,433,402,389,275,363,364,272,469,351,168,320,403,389,516,371,327,565,745,421,304,538
0.7988174862719257,10,1,437,461,526,635,484,450,453,499,391,332,441,466,509,444,344,405,458,534,622,282,321,339
0.09300827980950754,11,0,352,325,204,323,483,428,147,339,257,380,386,395,506,200,221,432,291,342,358,292,458,391
0.846484990173228,10,1,442,467,483,518,610,460,482,570,450,300,345,551,549,233,335,490,448,295,265,447,420,420
0.7351563278554563,11,1,439,421,269,358,486,383,609,454,457,382,512,444,509,521,585,296,563,608,567,483,460,479
0.22334353553595743,10,1,365,457,390,376,241,560,379,472,446,376,264,470,222,526,472,559,502,346,461,633,431,532
0.8719156339843505,11,0,445,329,546,163,416,393,660,219,466,338,587,313,409,330,396,298,392,158,412,389,314,376
0.22549202350544206,10,0,355,382,381,268,382,419,520,291,294,341,353,290,437,483,274,467,493,406,311,521,421,526
0.1800522370445493,11,0,360,337,254,356,389,357,405,343,411,313,399,405,318,369,523,354,459,284,268,252,322,358
0.7439611729013,10,1,432,453,433,387,289,605,593,287,410,559,381,396,462,538,354,572,518,403,383,403,477,419
0.5872824403754956,11,0,414,366,338,237,494,369,289,458,263,158,331,346,498,517,280,366,290,323,271,408,274,471
0.1508879120906238,10,1,358,467,477,567,252,445,384,579,387,519,244,649,427,413,333,528,375,455,389,433,530,651
0.7247850268689123,10,0,437,378,378,317,346,337,311,473,418,488,556,330,417,257,407,493,302,245,347,319,413,397
0.0624147942697203,10,1,349,480,403,473,316,504,429,445,286,518,376,386,426,561,401,533,380,583,159,436,290,365
0.33832323857779967,10,1,376,442,390,578,430,317,256,389,224,429,307,500,503,447,188,406,326,529,481,497,400,332
0.2158949888882219,11,1,354,417,139,409,374,434,499,524,250,347,254,490,413,420,309,286,448,637,338,411,450,543
0.5154310427146932,11,1,403,430,317,469,315,336,358,373,633,508,147,461,278,570,392,479,395,379,443,538,340,564
0.41709153030548596,11,1,386,429,452,426,258,430,469,565,260,658,311,608,332,392,357,414,459,334,362,501,396,496
0.5449838160051587,10,0,408,370,279,299,264,380,445,432,326,403,444,346,384,274,295,424,408,407,173,361,518,286
0.9203513083083383,11,0,450,323,363,378,449,253,347,87,519,488,485,319,548,74,581,476,311,273,329,311,557,356
0.7724088347567961,10,0,444,382,369,281,570,436,371,213,495,391,441,345,565,336,504,370,296,360,536,255,411,320
0.8713075972945171,10,1,445,470,481,524,424,447,342,596,526,637,555,374,322,528,480,445,660,357,356,435,431,430
0.44349534204763286,11,0,391,368,345,469,322,377,432,314,389,520,411,460,510,392,509,492,522,276,335,575,533,441
0.0025028473909400883,11,0,343,312,303,411,276,466,160,401,336,296,351,447,320,346,169,285,182,380,307,134,357,299
0.4649232210851939,10,1,394,431,524,517,352,291,281,487,357,458,356,404,608,302,325,363,375,377,608,401,566,357
0.2288756239472921,10,0,356,381,570,220,241,164,292,432,175,511,316,588,349,354,373,356,392,354,345,384,376,373
0.7721366375663896,11,1,444,418,567,314,195,382,486,481,445,465,321,470,521,494,509,373,354,457,549,495,390,420
0.5742740770781748,10,1,412,433,403,474,578,412,434,158,479,476,454,393,549,564,454,315,478,331,274,437,420,641
0.7814805034340672,11,1,446,418,556,358,399,413,500,386,535,337,404,189,667,377,455,397,440,439,468,474,397,351
0.2244226295106645,10,0,355,382,385,502,319,290,319,311,373,568,313,433,505,367,486,286,208,406,406,426,509,251
0.9070141384447433,11,1,462,405,570,426,394,365,555,421,409,542,520,290,611,545,550,124,168,525,455,320,393,528
0.03912260073366902,10,1,346,483,157,564,510,781,306,592,285,536,473,485,272,449,313,510,411,356,504,356,399,554
0.4816750124721063,11,1,397,430,253,418,334,340,456,423,267,245,335,280,316,448,342,443,383,353,541,607,318,462
0.49430590111410566,11,0,399,370,324,317,445,441,466,292,576,277,286,263,300,352,392,402,268,418,336,228,285,281
0.6285513029137489,11,1,422,427,356,604,382,249,701,606,380,430,524,635,453,453,434,159,444,443,588,155,458,297
0.7668253728868709,10,1,434,456,446,434,563,413,441,455,403,290,424,481,453,354,426,532,295,565,372,417,409,538
0.448110888414621,10,1,391,431,417,519,314,436,463,348,277,532,354,473,553,435,472,325,471,518,423,562,466,257
0.3422061528356972,11,0,377,359,421,303,398,404,270,313,475,190,247,544,248,519,262,181,176,381,337,342,277,540
0.3015313331720375,11,0,373,353,327,243,457,417,306,372,438,460,334,477,329,534,551,183,578,402,344,403,518,253
0.07683229918346335,10,0,336,397,329,335,328,343,273,218,261,417,283,391,348,324,374,510,385,472,329,459,316,384
0.5257086015732504,11,0,404,370,511,344,432,392,383,326,326,300,360,285,507,525,350,479,525,305,614,483,748,394
0.7735917229783461,10,0,444,382,509,372,413,222,582,445,483,396,608,466,441,421,529,295,628,330,565,385,498,289
0.5631084364193072,11,0,410,368,230,244,470,538,431,467,265,75,530,368,439,398,94,296,398,322,495,534,342,331
0.6884270908078161,11,0,426,355,640,374,378,261,432,204,273,344,437,478,438,435,338,490,498,229,428,374,462,361
0.5310795286782155,10,0,405,370,597,431,312,262,318,486,574,178,325,483,472,360,519,509,612,429,362,272,212,304
0.6834237933919209,10,1,426,445,208,507,571,454,578,381,396,542,436,457,316,399,428,510,560,539,470,520,282,398
0.6788745722814914,10,0,430,375,448,395,424,545,503,441,455,534,508,414,408,397,577,381,423,349,376,227,625,430
0.7340291255013278,10,0,438,379,278,342,557,377,386,364,438,514,386,533,327,382,419,413,334,296,535,291,444,438
0.5814245791661605,10,1,413,433,457,442,341,452,299,466,496,361,451,332,311,462,466,495,295,488,364,557,490,483
0.5089523847983564,11,1,402,430,354,490,352,395,432,343,329,462,379,385,444,467,397,507,392,450,289,464,432,406
0.7513161003603768,11,1,441,420,483,410,253,305,541,387,483,341,265,346,389,438,312,242,261,297,287,469,318,576
0.06853260558326735,10,0,335,398,271,393,257,539,381,430,149,328,228,417,382,396,331,401,251,504,399,525,432,474
0.7990529454524066,11,0,437,339,572,232,426,361,380,342,208,335,333,270,467,446,261,400,476,182,395,229,565,463
0.6507462701044987,11,0,423,360,475,426,484,406,437,484,371,323,479,426,332,288,264,324,157,402,275,570,541,296
0.13470860992571754,10,0,343,391,182,512,208,352,370,414,479,333,463,527,498,436,470,392,258,431,351,395,338,427
0.8463529282974771,10,1,442,467,409,477,439,597,454,400,505,550,510,433,325,485,625,398,510,439,542,382,503,365
0.00711654364170744,10,1,343,487,280,471,300,353,479,297,201,593,133,373,281,496,298,300,405,455,360,475,369,369
0.271057662442976,11,0,370,349,526,370,348,289,373,466,399,270,332,425,347,187,250,393,394,323,347,269,375,285
0.011471787870988015,10,0,328,406,415,366,310,489,280,380,442,398,247,565,378,510,319,429,416,363,294,539,496,470
0.12594144246847527,10,1,355,471,415,533,318,353,346,498,227,528,380,542,433,376,351,541,110,636,278,587,564,375
0.26491049738519457,11,0,369,348,566,276,433,498,442,334,429,295,433,534,256,283,313,356,300,418,362,630,319,286
0.5175899662679283,11,1,403,430,446,569,282,410,335,552,476,593,418,510,422,184,476,520,492,314,278,321,371,388
0.8125253241105638,10,1,439,462,399,510,456,321,435,516,326,333,446,514,438,485,558,389,400,503,633,571,597,448
0.923765147233312,10,1,450,478,546,284,460,453,327,408,377,423,365,457,306,548,443,483,571,358,375,612,553,475
0.90070297626604,11,1,462,406,496,230,304,455,601,447,465,330,352,436,445,457,560,287,557,408,310,391,461,555
0.894130081842523,11,1,461,406,446,471,554,426,444,379,513,443,536,376,435,473,483,494,426,453,417,498,449,430
0.8058051826604711,11,0,438,339,599,185,501,195,405,351,312,390,326,357,545,398,413,394,304,245,559,341,344,211
0.5691551251093498,11,0,411,368,458,335,324,229,230,505,452,507,403,418,441,247,251,235,399,495,422,472,439,381
0.8634589042306184,10,0,457,390,558,431,541,444,437,323,494,591,565,450,352,254,405,211,447,372,604,339,559,261
0.02800591350966708,11,0,345,316,451,303,336,241,422,421,373,394,181,379,340,255,212,356,203,286,412,378,197,310
0.19793861404198576,10,1,362,461,412,464,364,534,224,367,423,300,250,367,128,497,401,386,298,347,499,336,378,465
0.17432747238106694,11,1,348,414,325,424,418,421,526,498,383,437,411,458,192,438,491,384,353,433,352,396,401,458
0.8290898454565976,11,0,440,335,343,224,540,399,245,323,372,236,395,405,401,259,319,206,375,300,460,297,400,219
0.6308156545242934,11,1,422,427,481,394,360,513,470,562,427,461,316,544,494,419,336,378,483,375,506,344,377,421
0.4161067711145866,11,1,386,429,450,319,508,305,521,398,487,395,252,505,483,300,431,571,525,373,388,236,331,447
0.9724987523252231,10,1,455,484,395,505,473,610,451,361,543,369,523,522,348,391,491,597,568,388,465,459,506,456
0.1524896468961634,11,0,358,333,371,211,360,465,357,276,476,371,483,209,183,236,258,375,417,309,480,249,381,251
0.5154971008490936,11,0,403,370,179,336,581,273,505,324,541,529,321,430,593,499,428,340,506,253,465,285,304,215
0.9917735142415582,11,1,472,394,331,214,463,428,533,440,303,422,639,400,527,411,462,419,211,467,400,331,477,402
0.8602637637908573,10,0,457,390,340,369,625,308,456,347,321,401,362,433,316,218,476,448,672,370,414,287,465,249
0.2201507018311083,11,0,364,342,392,289,345,465,236,155,267,270,293,376,358,353,428,434,284,303,375,305,368,274
0.659108010896045,10,1,423,441,405,428,353,368,473,422,371,291,321,641,347,257,475,303,404,460,198,476,635,462
0.3010492528471632,11,1,367,424,462,606,346,521,517,481,446,353,336,357,433,383,413,380,410,465,348,532,445,332
0.7545680767810565,11,1,442,420,366,285,382,173,657,430,553,564,532,557,309,413,527,396,333,421,555,352,494,418
0.6494219955662133,11,0,422,360,439,194,545,224,381,279,404,162,257,314,507,574,398,466,368,114,431,219,377,483
0.09069266643420804,11,1,337,405,408,488,233,507,265,458,344,460,317,416,488,338,106,381,414,248,320,404,248,418
0.7835758759072153,10,0,446,383,445,453,390,507,351,311,414,344,483,358,480,331,429,468,375,327,312,328,316,376
0.30024738805802276,10,1,372,447,504,536,280,298,286,401,365,425,396,380,261,360,315,348,341,525,271,458,222,342
0.44641186397495125,11,1,391,430,482,342,263,411,515,567,241,428,435,294,481,421,349,519,437,546,307,324,358,472
0.8406327358773471,10,1,442,466,536,343,427,500,658,378,631,405,494,435,379,414,296,444,389,508,440,569,381,294
0.6982859928767335,11,1,433,424,253,683,390,371,521,537,326,457,477,447,445,371,459,490,549,606,261,571,437,461
0.973334860983198,10,1,455,484,500,514,290,555,394,405,493,517,435,443,463,479,491,418,447,582,336,599,429,346
0.5541051449306363,10,1,409,431,375,434,399,467,440,616,393,408,573,323,365,397,508,378,447,454,393,508,436,472
0.9654438669893046,11,1,469,398,494,400,474,428,477,611,389,286,420,215,428,330,541,527,530,243,184,374,446,318
0.8120311016926052,10,0,450,385,512,490,591,311,452,330,500,302,506,367,432,320,315,406,514,360,543,408,380,281
0.14150557664479158,11,1,344,410,255,523,301,415,446,597,193,367,373,350,314,409,274,422,278,231,399,598,319,498
0.42834530954817307,11,1,388,429,441,455,520,249,424,309,404,423,528,436,494,550,343,546,498,366,469,304,437,248
0.6452850910391892,10,1,422,440,408,467,571,695,338,479,421,392,391,553,495,511,507,456,513,479,477,351,501,462
0.08986967318476136,10,0,337,396,359,382,298,347,337,302,374,470,344,394,431,369,350,363,430,489,253,401,396,560
0.1111658404228485,11,1,340,407,348,371,307,338,356,492,196,483,269,419,289,334,330,367,325,382,429,460,290,207
0.11067396958967124,10,0,340,393,245,409,232,313,439,428,406,462,264,381,440,382,373,384,466,377,283,245,474,241
0.16073343426792264,10,0,346,388,426,272,505,354,471,317,444,364,499,264,276,363,241,514,292,411,313,460,180,414
0.2723937305964975,11,0,370,349,368,382,393,420,498,325,352,108,567,358,272,475,419,213,413,304,399,229,257,371
0.31753710687829106,10,1,374,445,418,526,353,379,531,570,123,299,345,420,361,369,440,404,431,611,408,468,283,343
0.793271269983157,10,0,447,383,591,398,463,373,411,421,633,273,267,472,550,614,353,438,419,379,583,519,631,362
0.30390905991735284,11,0,373,354,406,325,418,267,422,338,390,215,337,381,336,342,360,305,223,284,476,345,458,327
0.9950330391672407,10,0,472,406,344,376,463,403,497,435,246,449,509,449,439,269,417,339,389,380,474,505,490,343
0.15405300034854774,10,0,345,388,448,389,295,319,191,246,431,442,374,278,145,259,258,464,226,320,240,497,341,529
0.08232789121864803,11,1,336,404,552,287,201,248,408,404,445,531,308,336,317,337,477,622,189,363,314,439,217,336
0.6893556993032846,11,0,427,355,364,411,389,492,365,413,443,352,425,504,362,252,370,283,209,384,421,387,228,239
0.5897573804863876,11,0,415,366,374,405,425,574,329,282,368,529,271,472,313,288,286,284,410,388,249,386,373,347
0.6047231792950042,11,1,418,428,554,382,445,554,333,437,359,586,333,537,456,519,372,412,352,362,243,484,452,266
0.028281860859602825,10,1,345,484,485,475,433,277,283,569,518,494,139,375,437,340,293,466,257,404,159,481,489,427
0.7116184149145378,10,1,429,449,393,432,540,380,568,522,445,603,607,521,434,279,499,283,440,474,279,249,330,520
0.971969901588023,11,1,470,397,345,368,219,241,381,366,553,387,332,425,589,255,551,412,444,472,456,318,718,345
0.499988552852923,11,0,400,370,263,336,432,416,544,364,466,313,392,332,425,373,381,478,414,211,526,339,487,306
0.15981447054494113,11,1,346,412,544,325,304,293,366,309,237,373,460,413,398,411,277,431,294,432,335,373,548,618
0.4368093334650721,11,0,390,368,415,437,664,634,368,404,524,518,469,377,379,334,392,518,434,355,491,376,348,525
0.6925994266997314,11,1,432,424,231,366,469,732,395,390,332,402,470,333,439,367,340,405,503,252,384,401,523,392
0.7599653596319644,11,0,434,345,420,413,448,561,644,273,222,357,538,498,268,243,436,383,293,478,430,343,473,336
0.6960890354088236,11,0,427,354,395,341,376,212,478,347,469,471,606,337,537,379,333,465,371,247,704,140,477,605
0.8197883104498965,10,0,451,386,540,451,517,292,380,429,404,311,438,365,472,443,426,238,288,418,566,428,377,414
0.8501399210535175,10,0,455,389,269,326,495,493,640,361,420,569,512,454,509,497,524,391,551,462,581,633,545,568
0.28737158482545244,11,1,365,423,393,436,469,318,317,302,291,400,320,401,312,421,313,445,141,280,434,522,226,489
0.22829282068148782,10,0,356,382,362,513,314,228,410,308,470,469,402,481,350,298,260,491,378,566,357,379,421,400
0.18614004345308321,10,0,350,385,383,458,375,205,447,496,363,384,401,378,443,274,534,416,401,258,315,413,208,394
0.0868235001872627,11,0,351,324,260,378,305,230,295,411,374,253,301,326,456,467,365,149,446,380,317,308,456,398
0.7446571516226632,10,0,440,379,491,312,316,237,410,233,644,539,595,469,437,341,577,385,332,317,418,265,477,319
0.8161833840648769,10,0,451,386,503,341,486,464,262,473,429,398,573,276,512,380,381,225,507,479,628,296,485,474
0.4683401051312923,10,1,395,430,570,444,391,424,306,513,350,321,523,204,481,543,497,512,220,495,325,467,531,296
0.6592738731166471,10,0,427,374,352,387,730,274,394,372,472,393,231,267,466,512,383,541,601,314,547,293,376,441
0.8751752037712341,10,0,458,392,461,274,464,457,526,487,327,450,582,436,614,533,635,461,517,542,537,404,310,583
0.8900837847013433,11,0,447,327,468,390,347,406,503,345,321,339,286,304,567,466,599,478,311,356,425,426,475,218
0.5224416676144046,11,1,404,430,333,513,478,319,497,488,346,498,153,471,433,472,276,426,458,283,502,525,446,375
0.43755511451639684,10,0,389,371,366,421,459,221,440,232,457,256,340,341,554,363,352,203,266,442,468,351,398,401
0.8013390168903632,10,0,448,384,420,329,220,462,486,422,572,532,667,286,527,402,474,305,409,427,472,160,415,451
0.23005257811587176,10,0,356,381,360,306,449,471,367,397,347,364,379,345,364,355,380,358,474,341,281,419,560,302
0.05635303191478369,11,1,333,400,277,387,388,453,423,441,454,272,421,333,275,338,282,336,201,356,415,370,350,486
0.6517498574837194,11,0,423,360,376,248,517,310,465,428,353,323,442,269,452,465,441,626,480,348,278,222,378,308
0.9488659263121813,10,1,452,481,617,470,555,368,501,495,371,593,330,440,380,366,373,522,504,408,304,453,482,570
0.5172501595848501,10,1,403,430,331,483,631,464,366,455,466,419,481,357,281,340,487,496,268,267,287,443,346,368
0.5425663128674652,11,1,407,430,391,401,320,483,488,204,479,561,427,297,341,221,320,378,389,418,445,370,332,462
0.7639323900481696,10,1,434,456,411,427,251,520,427,296,565,498,301,393,301,546,282,641,489,501,263,528,403,605
0.7402392095108341,10,0,439,379,474,480,458,370,396,347,405,398,393,357,602,456,344,437,248,297,396,400,532,412
0.7992897963751393,10,0,448,384,585,393,516,312,553,488,529,434,538,431,269,419,456,451,450,339,434,300,461,372
0.2833583477950312,11,1,364,423,340,313,284,601,439,571,344,260,365,308,365,476,394,401,273,270,397,350,314,297
0.2767011393102854,11,1,363,422,327,474,576,249,352,623,419,505,286,594,321,325,438,398,486,503,338,336,410,318
0.07600263639150906,11,0,350,322,292,564,314,392,268,264,455,277,298,235,452,372,500,331,461,190,328,195,269,342
0.06299594068545278,10,0,334,399,296,326,430,358,369,507,202,439,283,363,418,399,183,428,403,400,400,507,365,312
0.5595556508307514,11,1,410,429,269,338,431,425,292,497,382,572,374,529,373,136,512,331,416,378,482,506,443,325
0.8653824748673175,11,1,457,409,402,489,348,400,522,358,298,302,475,368,370,438,351,382,483,308,407,515,223,306
0.3906267245566567,11,1,382,428,389,379,254,337,396,450,208,390,415,60,342,391,302,364,299,373,333,528,362,510
0.14456167893705996,11,0,357,332,392,313,436,496,261,228,326,341,346,349,219,258,414,116,358,318,434,334,471,428
0.3373178456632888,10,0,373,374,466,346,422,413,595,448,386,382,359,456,408,454,337,195,418,423,316,223,345,509
0.8507264219698937,10,1,443,468,424,530,583,305,403,388,462,474,478,480,524,475,497,630,426,367,456,485,509,609
0.48059791803818086,11,0,397,370,335,482,478,382,428,438,285,470,466,323,390,386,620,348,461,262,407,451,195,424
0.5289714334835282,10,1,405,430,280,433,447,442,491,294,333,450,391,426,543,621,710,395,216,294,397,438,445,404
0.5650558740698963,11,1,411,429,449,505,424,407,392,479,292,380,571,370,433,633,462,139,306,376,478,367,466,563
0.2556959396356606,10,0,360,379,327,304,479,556,509,373,476,349,295,532,426,357,472,367,390,446,598,376,393,488
0.13662495662897323,10,0,343,390,349,341,586,214,476,463,470,113,532,717,223,337,374,432,358,304,286,381,343,231
0.3518367740066961,11,0,378,360,278,453,610,219,303,410,241,369,489,347,526,171,608,351,219,176,501,355,441,408
0.14818719608583808,11,1,345,411,441,400,533,334,345,423,338,463,347,487,387,307,268,435,219,416,475,326,236,464
0.031623464277002244,11,0,346,316,174,306,430,258,327,321,251,482,394,253,450,400,430,475,546,425,419,499,276,209
0.8590659169207776,11,1,456,410,587,333,433,255,514,407,404,326,490,484,512,478,322,208,459,465,465,265,342,293
0.41396726106687,11,1,385,429,433,247,407,396,337,514,371,568,383,415,315,487,426,337,306,518,333,532,400,422
0.8897776417497305,11,1,460,407,487,427,338,440,533,571,549,458,560,362,287,296,383,350,339,287,419,289,645,445
0.46242776022059084,11,0,394,369,581,343,290,473,383,371,254,687,359,324,373,425,466,370,441,266,337,316,210,374
0.07283445563124769,10,1,350,478,336,502,235,455,378,504,360,484,522,510,390,587,262,423,146,247,275,555,383,364
0.04599181955253684,11,0,347,318,403,353,415,282,427,323,410,172,332,274,67,234,320,337,53,448,341,261,451,290
0.5452377732064202,11,1,408,430,528,304,415,527,471,412,481,430,547,321,376,477,338,477,431,524,456,378,403,530
0.05329903699136185,11,0,348,319,373,289,367,471,323,536,230,318,396,281,222,190,253,376,367,474,320,343,341,245
0.6265031060818722,11,0,420,363,473,249,479,414,504,463,473,404,395,419,415,454,448,497,292,171,415,359,369,378
0.49413134106411716,10,0,399,370,252,315,496,169,619,363,277,243,491,317,473,429,438,429,450,389,307,293,375,388
0.5639163262679298,10,0,411,371,290,275,460,513,485,465,452,348,450,427,504,257,398,466,460,366,443,334,316,358
0.3951301750806612,11,0,383,365,421,318,377,312,530,393,407,302,465,441,245,323,436,379,400,387,366,438,396,139
0.28576042172903815,11,0,371,351,371,375,238,173,285,429,321,396,286,426,321,331,413,393,378,295,331,339,273,350
0.25992951310164814,10,0,361,379,525,199,304,516,253,289,250,337,326,475,421,583,386,334,308,295,290,279,317,350
0.9976559642824037,11,1,473,393,399,522,464,281,341,410,444,396,628,248,427,214,381,353,455,438,584,504,488,286
0.6288611831269357,10,0,422,373,374,341,482,443,474,241,375,463,508,384,609,432,407,291,482,326,482,317,331,280
0.3652980379656774,11,0,379,362,380,347,285,336,432,425,276,381,297,510,301,316,287,291,339,333,424,477,442,546
0.8664049250970299,10,1,444,470,589,265,339,584,307,453,362,503,286,486,324,606,471,383,419,526,416,575,447,484
0.2539924036824426,11,1,360,420,82,378,276,336,428,532,551,488,370,523,334,406,435,344,241,274,431,389,391,431
0.4994626041748015,10,1,400,430,225,376,437,426,374,369,258,222,460,399,467,377,322,467,266,340,300,495,286,360
0.41864550319958793,10,1,387,433,370,543,444,374,315,463,304,363,290,536,471,420,380,415,395,479,576,455,315,436
0.08853144354640052,10,0,337,396,265,429,286,328,315,463,589,379,282,412,214,372,250,423,325,108,525,376,491,349
0.24905041114285975,10,1,367,454,238,702,484,452,294,473,487,603,421,476,359,368,177,572,297,676,538,445,374,556
0.8024823776327841,10,0,449,384,314,386,296,248,383,190,610,300,414,488,344,330,480,323,292,368,584,347,406,315
0.5491856451197601,10,0,408,370,403,500,386,307,441,365,450,506,506,363,320,286,375,352,425,422,408,560,353,541
0.06308169234984962,11,1,334,401,439,383,256,416,309,379,443,443,51,417,63,544,327,556,180,527,506,341,336,476
0.34403422091473035,11,1,374,426,318,283,349,594,386,254,509,424,362,224,235,287,335,386,397,497,288,500,311,555
0.23409910193177075,10,1,366,456,385,565,333,407,267,443,318,612,376,367,549,596,341,456,449,570,268,511,431,542
0.8668372016413418,11,0,444,330,479,344,513,163,444,456,636,279,313,198,393,211,400,269,367,483,530,482,571,377
0.20101188694537386,11,1,352,416,234,471,488,478,388,523,402,306,389,524,145,253,361,481,341,465,530,516,248,206
0.42890669013139215,11,1,388,429,534,354,289,365,493,371,271,562,276,312,460,462,282,365,481,386,483,252,460,421
0.23848874227482209,11,1,357,419,268,483,365,529,282,382,406,213,286,399,419,513,234,464,427,348,191,379,432,616
0.15593362462801397,11,0,358,333,261,373,413,456,377,409,324,145,429,404,306,255,402,322,284,442,392,497,508,371
0.079050543108797,11,1,336,403,314,347,302,493,396,427,342,379,512,451,286,378,247,474,262,365,347,473,284,277
0.11558375448478964,11,0,354,328,340,378,354,258,379,204,357,365,409,381,399,314,231,429,300,316,462,213,350,581
0.9251423667968509,10,0,465,397,432,433,472,507,533,454,387,358,457,414,592,469,446,396,459,619,366,354,521,384
0.031477999941331714,11,0,346,316,375,223,413,192,460,378,536,289,170,183,370,385,337,209,274,358,229,319,510,365
0.7601225689491127,10,0,442,381,432,408,472,419,346,472,490,603,180,377,423,328,401,525,574,403,443,463,448,474
0.29341077110117164,10,0,366,377,466,291,403,261,251,301,397,346,355,469,254,300,293,338,416,278,477,561,478,396
0.07891183314559103,10,0,336,397,179,392,195,291,357,466,294,184,312,314,196,460,293,544,345,491,238,391,395,354
0.09513505475276285,11,0,352,325,390,454,241,181,292,479,468,296,406,206,417,360,419,158,169,333,487,268,500,429
0.9495131986112233,10,1,452,481,375,337,420,368,393,481,478,509,265,530,337,457,436,412,651,367,531,524,375,444
0.7417457201910586,11,1,440,421,491,416,276,489,447,538,436,402,450,483,428,614,398,489,380,391,393,310,259,392
0.0934638932568298,10,1,352,475,194,598,448,413,233,644,399,585,285,495,552,651,45,562,369,403,333,525,515,410
0.7157865188419609,11,0,429,351,421,400,365,447,629,394,560,377,435,293,362,383,300,405,349,333,268,284,299,365
0.6405569668850234,10,1,421,439,417,330,358,340,498,549,361,575,459,474,353,408,390,293,403,409,636,530,388,443
0.9632044424429821,10,1,454,483,383,566,265,335,314,235,523,366,334,572,561,485,451,606,559,517,436,268,466,335
0.7849650494671124,10,1,436,459,411,276,339,467,235,520,396,356,418,482,317,423,433,536,465,162,426,507,561,299
0.12160475701974516,10,1,355,471,385,428,366,677,441,512,425,561,311,573,351,600,370,512,399,607,312,379,393,309
0.20582255563276386,11,0,363,340,537,430,364,349,397,462,393,168,182,478,275,346,522,339,369,459,557,377,401,536
0.7143401685154135,11,1,435,423,233,496,516,370,530,360,432,659,467,460,400,315,516,328,494,597,414,437,467,487
0.5670405114028136,10,0,411,371,135,272,426,381,379,260,448,257,501,294,412,280,456,337,347,246,398,233,420,247
0.26829933909227566,10,0,362,378,529,381,288,417,429,358,245,420,499,484,255,263,197,317,296,325,468,347,421,334
0.043142018885549915,11,1,332,399,454,398,256,481,353,348,353,334,454,339,423,363,302,544,117,380,203,415,398,407
0.8571536730790649,11,1,456,410,443,395,551,319,394,207,390,456,545,297,415,458,407,541,458,418,497,401,440,469
0.8078436135180449,11,0,438,338,473,199,492,227,659,155,264,374,456,382,497,270,358,463,327,421,333,216,511,374
0.0032246030459549546,11,1,328,393,279,420,344,409,350,511,261,493,452,253,441,492,304,494,392,347,324,471,211,388
0.683493368870959,11,1,431,425,559,362,465,487,455,410,400,289,380,488,529,495,444,553,523,466,412,389,518,329
0.4450566542642408,11,0,391,369,539,400,443,332,204,266,178,320,334,207,357,438,206,301,536,284,289,518,534,448
0.594221756124829,10,1,415,434,497,408,523,385,547,506,522,294,304,564,437,433,370,458,528,355,415,313,300,438
0.717508174883814,11,1,436,423,477,470,236,411,548,487,464,490,327,389,278,585,520,346,363,452,658,669,388,467
0.6583632980716737,10,0,426,374,346,175,433,230,328,473,554,463,338,470,399,429,375,475,455,426,198,480,474,504
0.870162676692374,10,1,445,470,442,542,429,311,520,448,206,298,423,491,527,575,371,488,530,339,569,398,394,349
0.9967606808791462,10,0,472,407,482,434,408,503,323,430,446,497,468,525,498,381,442,314,441,271,372,454,690,516
0.5559366056857291,10,1,409,431,463,442,448,543,306,531,348,415,490,421,406,244,550,582,353,429,523,326,329,320
0.8152871902764989,11,0,439,337,398,242,545,343,436,217,380,379,461,285,528,167,397,528,378,180,402,285,532,293
0.6744167647064246,11,1,429,425,366,278,440,429,575,441,243,390,471,386,412,621,327,456,454,366,372,451,427,405
0.5224519998728178,10,1,404,430,308,316,193,472,530,369,434,434,426,334,460,482,419,347,423,491,451,378,314,255
0.7162357752752228,11,0,429,351,332,351,476,478,492,330,470,440,449,293,411,297,417,366,571,330,515,279,348,367
0.8669398272785526,11,0,444,330,527,353,393,401,601,492,385,384,319,318,309,484,512,398,539,430,322,89,529,416
0.9429064564310042,10,0,467,400,517,359,470,503,342,464,413,499,414,477,399,368,502,453,432,399,590,264,521,400
0.1722128410539321,10,0,348,387,279,336,427,239,226,369,407,414,458,376,346,151,339,370,254,318,404,388,154,469
0.6693140795950632,10,1,425,443,505,500,546,445,306,381,362,364,345,458,418,400,485,683,507,301,423,336,378,707
0.4653034912426386,11,0,394,369,557,416,437,504,349,343,477,347,480,328,388,344,400,278,473,279,422,231,427,166
0.8435969005962499,11,1,454,412,437,373,266,345,499,219,365,551,539,621,284,436,545,190,543,330,731,486,639,393
0.5468423965064176,11,0,408,369,396,240,375,189,556,284,479,514,278,354,335,309,286,448,267,378,419,446,406,370
0.08163413244527173,11,0,351,323,360,343,370,294,208,449,403,354,371,397,382,457,272,96,364,307,178,337,301,426
0.05681425601555301,10,0,333,400,340,363,205,321,217,505,311,407,207,396,319,370,343,290,349,488,244,384,189,258
0.6798646237563633,10,1,426,444,320,658,407,517,426,417,566,533,255,363,498,277,605,341,558,402,295,488,470,605
0.31502539203173907,10,0,369,375,507,336,404,302,395,359,518,410,245,200,299,358,384,452,467,316,264,459,163,272
0.8522122505409642,10,0,455,389,288,414,545,525,414,372,628,396,557,234,479,310,474,432,410,264,487,346,416,551
0.9513821388316035,10,0,468,401,592,409,659,362,315,434,440,384,555,364,260,337,469,476,315,468,444,399,470,401
