TrueLocationParameter,Configuration,TrueModelUpDown,TrueLocationP,TrueLocationQ,P0,Q0,P1,Q1,P2,Q2,P3,Q3,P4,Q4,P5,Q5,P6,Q6,P7,Q7,P8,Q8,P9,Q9
0.7467113826088123,11,1,440,420,544,396,410,347,438,408,389,492,269,217,369,327,488,340,240,458,473,385,491,467
0.39781946724176553,10,0,383,372,347,415,423,464,280,437,640,503,373,340,359,434,280,489,194,533,387,300,418,515
0.5024778259495143,10,1,400,430,225,492,405,427,374,437,395,602,315,409,406,456,502,442,418,296,492,515,545,485
0.09421627529374976,10,0,338,395,385,458,365,407,148,436,471,329,440,546,156,384,258,354,284,483,273,563,525,424
0.04322995838581989,11,1,332,399,409,408,530,388,275,277,251,357,428,475,281,549,365,378,216,290,106,415,405,394
0.9675165486585315,10,0,469,403,492,462,408,583,456,312,698,468,519,464,488,428,371,548,269,207,471,318,509,384
0.4455686332447577,10,1,391,431,534,439,333,299,351,479,466,526,426,536,544,525,489,433,459,454,294,339,540,405
0.4555427476848446,10,1,393,431,486,559,414,404,313,301,343,472,313,343,362,344,304,370,389,405,426,481,488,365
0.09886553553047295,10,0,338,395,202,338,300,390,388,480,380,365,269,261,495,437,190,300,296,361,224,569,393,399
0.5269918888207086,11,1,405,430,424,525,235,567,693,358,221,499,399,397,316,599,505,376,604,413,405,523,434,313
0.3756457640733013,11,0,381,363,385,534,330,423,306,352,628,354,280,359,246,294,282,438,292,328,127,220,400,399
0.2887722736087689,10,0,365,377,419,358,432,425,313,292,226,448,281,385,245,264,372,444,309,380,457,220,351,565
0.08036894371781012,11,0,351,323,235,376,453,404,194,322,314,352,312,263,371,429,446,256,390,272,282,328,373,173
0.25333498300978385,10,0,360,380,451,320,319,400,402,317,284,421,263,245,530,258,243,237,397,414,536,240,343,278
0.8158436593335213,11,0,439,337,496,509,441,460,369,324,520,422,584,221,591,174,354,350,475,451,521,278,606,412
0.1881357729230827,11,1,350,415,221,573,222,432,263,413,373,386,277,364,258,465,356,417,303,279,247,371,333,459
0.5752580054346946,10,0,413,371,434,479,630,163,346,351,389,368,436,454,528,333,279,211,401,417,483,437,406,166
0.3496761918142919,10,0,375,374,304,191,325,422,447,426,316,128,193,517,334,343,308,191,373,471,461,285,241,420
0.7950088911349795,11,1,448,416,509,545,426,326,416,422,611,479,586,406,353,568,547,349,585,534,523,348,536,417
0.25396426451944787,11,1,360,420,212,434,363,405,210,378,488,450,358,327,550,376,240,513,443,425,357,267,545,334
0.19945501294637824,11,0,362,339,163,426,392,357,459,382,163,204,443,360,308,234,459,408,333,541,401,394,377,321
0.6244476991152745,10,0,421,372,324,348,500,294,522,544,453,321,328,230,340,437,463,553,551,442,432,160,248,395
0.22033809976242258,11,0,364,342,501,400,263,355,514,218,306,335,429,515,399,410,456,189,224,197,450,243,321,492
0.8766810668831796,11,1,459,408,570,222,629,351,380,672,488,416,486,422,255,521,480,414,636,454,339,504,532,448
0.6197351029196752,10,0,420,372,411,411,484,388,178,203,538,419,551,295,555,401,446,567,515,459,400,426,375,321
0.7333451629936487,11,0,431,348,434,167,306,356,520,546,379,226,461,320,431,387,417,364,309,306,470,336,544,580
0.010617603344467375,11,1,328,394,269,307,349,343,374,404,207,318,387,238,387,391,394,414,292,283,342,245,527,291
0.3439616676144889,11,0,377,359,544,503,280,407,359,450,244,388,311,396,217,296,494,401,411,172,278,187,488,306
0.7064665323229476,11,1,434,423,459,344,506,555,171,595,543,539,586,355,450,361,650,391,313,509,447,551,475,333
0.8228081116947753,11,0,440,336,539,173,302,342,497,369,470,421,306,441,390,270,322,319,257,189,367,421,481,380
0.9463817220574711,10,0,467,400,399,409,564,336,500,568,445,386,507,318,629,466,335,438,632,356,454,295,277,333
0.06426899347984816,11,1,334,401,422,327,301,389,320,329,446,291,315,173,212,454,303,484,452,303,77,489,383,300
0.35849839498143976,10,1,378,439,394,570,466,383,398,510,243,472,330,486,355,470,319,366,448,364,536,441,396,452
0.6678823541945635,11,0,424,357,463,277,342,201,215,461,514,330,467,302,527,326,437,457,385,360,374,363,313,606
0.0842462532819328,10,0,336,396,212,202,327,519,330,300,352,492,308,401,398,306,384,408,527,329,309,297,555,229
0.27846143325487893,10,1,370,450,320,459,224,579,268,332,488,409,493,574,481,466,488,678,301,476,328,313,363,295
0.3727590602865678,11,0,380,363,422,409,337,229,433,614,466,315,334,426,424,667,473,406,427,356,458,241,406,337
0.09927439190498422,11,1,338,406,461,398,366,382,264,200,513,554,479,434,483,348,245,438,429,406,190,451,255,469
0.9653871358919821,10,1,454,483,512,454,461,585,529,468,600,696,432,491,397,431,346,493,322,443,641,429,661,502
0.24922001054010767,11,1,359,420,319,427,144,600,402,497,363,531,225,379,413,331,591,257,335,560,348,557,377,411
0.8258240515254089,10,0,452,386,575,343,326,389,481,203,411,494,401,494,390,280,336,351,405,444,250,355,321,515
0.12257115500795623,10,1,355,471,382,416,360,588,381,526,373,582,329,667,292,428,280,529,248,449,483,329,254,302
0.5872450081159207,10,1,414,434,355,391,430,419,187,308,191,343,534,388,438,426,258,433,475,426,442,410,511,556
0.1773024302490963,11,1,349,414,377,351,375,520,300,396,345,433,392,311,358,438,117,438,390,434,252,502,467,509
0.07311640244762585,11,0,350,322,373,361,525,471,300,171,590,439,270,243,496,335,194,354,352,396,505,563,461,455
0.588410393626858,10,1,414,434,397,527,586,556,414,268,409,548,511,473,540,373,539,423,394,494,382,674,465,568
0.668914439441634,10,1,424,443,393,306,537,471,489,529,448,598,452,217,304,377,578,530,522,274,473,430,522,465
0.5816955687169111,10,1,413,433,567,381,625,423,496,723,365,393,355,575,300,698,431,615,550,544,373,351,360,339
0.8359961584245079,10,0,453,387,557,349,449,354,392,353,503,442,541,497,517,428,584,445,577,358,531,547,568,276
0.2745556108682785,11,0,370,350,297,492,276,275,501,164,316,305,337,191,401,363,441,241,525,355,375,484,440,224
0.8075561322235474,10,1,438,462,363,313,496,499,425,463,361,425,500,461,268,346,570,418,451,534,351,253,443,549
0.26318466540355023,10,0,361,379,148,461,540,367,390,200,277,343,509,340,349,200,355,488,444,313,362,358,322,215
0.8187582245495387,10,1,439,463,492,478,409,396,606,435,412,347,328,416,528,418,532,457,449,612,446,567,244,549
0.12259789506623153,10,0,341,392,239,355,312,268,233,420,343,403,395,493,390,373,475,381,471,496,300,384,405,371
0.9962370192419923,11,1,472,393,414,540,612,379,540,446,491,419,378,659,573,498,521,444,537,292,498,368,718,515
0.1540631467647814,11,0,358,333,443,361,311,442,423,118,406,236,288,299,351,420,519,361,408,324,343,453,159,301
0.772623765111553,11,0,435,343,291,391,519,370,483,356,511,302,277,338,309,337,411,256,411,350,562,396,529,595
0.8624282144319392,11,1,457,410,479,427,393,291,288,446,614,266,437,358,396,445,534,206,671,489,577,406,452,638
0.26759774844877904,10,0,362,378,414,400,534,391,330,346,333,318,402,228,346,217,412,459,186,466,354,256,294,345
0.0744353113473567,10,1,350,478,386,443,143,559,336,291,397,626,334,591,304,491,356,466,244,470,218,584,291,321
0.555461036815796,11,1,409,430,95,330,406,259,375,428,324,437,312,604,440,576,337,472,424,442,472,325,330,649
0.677914762526118,10,0,430,375,239,424,509,437,350,452,336,437,401,276,477,429,507,464,359,552,542,347,383,468
0.2491526655834564,11,1,359,420,304,442,394,354,417,282,228,397,364,458,343,668,347,371,501,306,156,339,366,199
0.3034035125348986,11,1,367,424,535,387,403,465,427,592,271,442,259,433,570,346,246,350,503,400,257,508,250,419
0.6215186827512685,10,1,419,437,276,315,288,370,349,293,413,274,552,282,505,537,392,430,219,329,344,346,362,561
0.12123470240187928,10,1,355,471,553,670,382,607,364,454,266,434,328,412,514,609,333,378,353,589,199,695,476,540
0.307097374076823,10,1,373,446,445,420,346,379,425,501,300,510,387,265,381,547,150,623,476,493,305,362,384,480
0.6809917256741009,10,0,430,375,422,490,327,371,375,185,184,158,596,227,332,242,494,519,360,470,538,475,423,450
0.15098060432929916,11,0,358,333,396,101,280,425,355,318,539,309,262,246,401,322,343,563,375,374,271,256,262,392
0.579623541362692,11,0,413,367,443,539,426,225,457,320,351,375,301,398,227,383,376,330,430,256,320,442,450,404
0.7406714995797571,11,0,432,347,423,295,454,435,496,432,667,363,500,263,405,307,550,325,372,311,419,251,383,422
0.8063875360782393,11,0,438,338,331,540,442,268,506,307,424,326,315,295,552,418,466,426,363,312,408,390,386,365
0.6729021120465485,11,0,425,357,384,253,616,309,575,311,392,455,414,418,366,267,336,302,422,225,476,410,389,289
0.3068147643991871,10,1,373,446,331,509,588,373,664,378,287,550,391,371,581,482,338,352,384,513,357,564,325,405
0.3105864858385248,11,0,373,355,330,298,374,329,432,176,302,408,311,401,206,399,373,470,452,392,558,248,411,425
0.44779442839888184,11,1,391,430,491,480,540,362,163,373,426,411,337,440,361,252,239,424,396,426,345,437,310,235
0.614634674254865,11,0,418,364,479,173,270,393,455,315,436,300,412,293,478,406,305,332,506,362,442,293,356,398
0.48183484218732,10,1,397,430,337,466,474,672,327,334,404,617,331,407,451,411,609,394,430,391,349,330,274,451
0.03946705257502903,11,1,331,398,461,367,472,302,423,357,321,253,332,628,371,562,428,393,356,350,444,368,288,306
0.32047708401539987,11,0,374,356,300,205,181,496,352,272,325,331,390,397,343,407,391,479,512,248,547,449,281,368
0.4768164804435201,10,0,396,370,422,76,306,345,591,442,264,273,454,289,230,333,248,446,435,385,340,406,378,197
0.6088279864535502,10,0,418,372,442,564,692,434,319,526,345,291,401,376,212,231,441,297,568,596,373,229,334,393
0.8347236497633723,11,0,441,335,297,161,467,325,632,197,431,519,428,179,348,328,629,256,507,427,495,351,409,411
0.7499472507197322,10,1,433,454,504,680,423,337,513,461,299,512,558,465,274,444,283,444,356,385,360,490,415,376
0.8561322098534466,11,1,456,410,408,485,377,351,366,541,427,550,430,484,399,413,536,378,345,539,469,500,505,391
0.9774320954862623,11,1,470,396,381,394,361,498,459,415,338,535,417,539,689,344,607,458,473,397,450,342,520,451
0.8838556564625459,11,0,446,328,539,464,385,244,535,208,549,339,451,297,431,166,344,434,570,400,530,257,400,406
0.7246462895854087,11,0,430,350,394,526,372,362,271,458,376,437,424,394,469,368,407,335,413,526,459,431,283,358
0.02086692053403849,11,1,329,396,494,476,252,323,425,211,306,530,393,589,143,261,428,289,286,318,245,343,287,453
0.24651972772085318,10,1,367,454,364,466,371,304,322,365,246,365,437,450,216,481,160,667,355,484,371,642,184,535
0.605943594273865,11,1,418,428,454,406,268,482,468,362,197,430,458,365,353,346,369,423,492,373,484,393,420,460
0.4635748674031964,11,1,394,430,405,500,512,426,455,392,470,442,351,462,300,318,288,606,495,374,532,386,273,428
0.8175846928334732,10,1,439,463,634,424,488,443,455,544,392,422,500,605,287,532,521,331,551,279,471,523,514,539
0.22880893641869615,11,0,365,343,629,252,532,359,399,323,411,243,166,354,414,448,409,329,515,434,292,245,286,253
0.08869713209251018,10,1,351,476,249,505,329,556,355,613,416,378,296,547,322,314,410,449,603,393,427,593,316,609
0.31166581800001303,10,0,369,376,270,413,413,354,373,499,258,462,245,224,399,422,404,360,395,349,524,348,424,337
0.9201515459552811,11,0,450,323,287,406,430,405,535,311,415,298,552,340,567,379,398,234,525,284,410,442,535,338
0.29373897637790014,11,1,366,423,256,333,326,495,342,349,404,495,352,332,269,537,304,562,415,501,318,373,397,392
0.12152755823424244,11,0,355,329,426,422,361,402,379,174,459,275,295,225,408,354,237,297,274,383,152,353,366,348
0.7896552515928189,11,0,437,341,288,395,373,352,434,348,648,229,450,194,589,403,387,419,445,313,397,322,527,350
0.5224993060919564,11,0,404,370,383,493,289,447,268,205,327,505,528,374,406,294,333,348,179,310,314,300,596,411
0.8829026111951209,10,0,459,392,584,272,391,293,416,396,452,445,588,378,324,360,412,416,431,267,442,553,647,408
0.17818366943560704,10,0,349,386,386,297,345,387,317,555,247,365,303,419,309,411,214,361,248,403,218,335,432,312
0.6893141582664807,10,1,427,445,379,456,391,334,260,567,500,509,453,510,312,490,384,347,481,372,335,299,329,464
0.38061447282985106,11,0,381,363,515,415,423,371,373,387,365,591,238,266,366,388,357,408,354,430,211,222,292,257
0.9694062783221125,11,1,470,397,539,471,469,456,325,251,420,598,436,223,484,342,465,513,556,495,578,309,459,453
0.5580690389811626,11,1,410,429,486,396,474,351,533,603,422,305,399,369,304,482,439,227,355,316,503,282,521,452
0.8738361870770565,11,1,458,409,550,639,461,505,333,281,525,509,518,460,137,391,164,374,343,365,552,310,459,595
0.5997758336557661,11,0,416,365,504,171,551,280,414,73,475,456,488,342,632,366,260,367,303,383,369,284,473,587
0.2709473986203904,11,0,370,349,449,225,381,308,134,467,415,200,315,266,467,252,262,363,273,327,381,158,293,325
0.5489001146757263,10,0,408,370,380,386,346,371,448,390,484,457,500,358,331,452,260,420,357,502,312,390,463,369
0.8821330957415677,10,1,446,472,401,534,551,454,340,582,681,469,519,647,476,516,491,560,412,437,353,603,615,352
0.5793932277898914,10,0,413,371,245,254,408,220,467,479,291,467,542,278,379,403,605,418,296,506,393,296,456,150
0.6474581273989819,11,1,425,427,536,281,431,276,354,417,231,469,403,414,316,580,430,443,532,486,438,363,227,376
0.05195507972271418,10,1,348,481,298,468,359,415,381,590,257,374,328,421,412,394,372,504,278,362,345,679,338,545
0.1361392002885079,11,1,343,410,278,458,251,204,396,399,459,358,419,317,311,472,262,540,277,393,381,468,193,405
0.10758895715693861,10,1,353,473,405,529,375,494,502,420,396,513,384,644,299,477,311,585,352,327,398,413,359,521
0.14955648734179183,10,1,357,468,242,545,566,455,330,289,425,327,236,386,227,662,292,388,419,422,300,558,313,488
0.16051393578113027,11,0,358,334,352,494,462,439,449,491,278,165,277,412,309,342,207,331,291,400,449,341,348,211
0.39445695238325085,11,1,382,428,440,477,397,584,309,483,329,405,324,553,203,390,329,526,333,445,487,384,629,419
0.12552680905155433,10,1,355,471,245,517,404,419,230,467,493,484,189,280,264,436,477,510,428,440,386,567,182,493
0.7579950424359639,11,1,442,420,580,303,462,427,413,353,478,427,308,463,509,161,500,345,360,485,285,673,278,610
0.03885031109235193,10,0,331,402,450,454,420,397,483,323,532,530,360,511,280,386,300,215,320,394,358,305,432,605
0.4540239416100188,11,0,392,369,515,401,327,449,364,342,313,393,406,238,233,557,353,350,560,298,439,361,540,440
0.7281935765139829,10,1,430,451,457,551,523,391,300,566,574,433,364,518,432,415,746,401,400,269,585,558,235,557
0.05835598197514558,10,1,348,480,344,561,195,460,347,521,352,405,481,574,405,368,334,511,300,575,353,570,471,571
0.025889578900511023,11,0,345,315,409,286,348,324,396,198,367,506,248,450,360,246,412,489,388,215,459,127,422,240
0.73815264210663,10,0,439,379,170,468,156,342,473,383,434,350,491,437,497,331,386,252,474,498,523,262,446,278
0.2954341998489428,11,1,366,423,348,480,192,481,431,435,384,290,496,566,414,446,384,438,341,327,342,381,382,325
0.4524843834747355,11,1,392,430,289,335,391,318,324,484,363,584,488,510,343,550,483,499,292,285,274,404,384,425
0.15928590342800686,11,0,358,334,287,283,399,360,430,202,545,373,415,374,360,281,540,386,348,407,374,244,332,520
0.122021542851113,11,0,355,329,298,285,414,234,505,194,414,185,406,456,363,320,240,290,382,189,351,100,217,353
0.6986865416382155,10,1,427,447,501,358,525,200,474,456,687,471,677,486,542,482,281,419,463,559,519,414,499,314
0.44110007643777394,11,0,390,368,479,259,400,362,466,407,564,271,277,554,360,180,356,492,419,335,288,569,509,310
0.45144225719987907,10,0,392,370,430,334,344,404,459,552,397,577,371,384,428,431,427,359,588,300,349,440,465,382
0.9927458669105105,11,0,457,313,435,350,402,343,542,238,640,401,632,178,657,330,493,232,419,397,427,295,549,331
0.1430918391521866,10,1,357,468,521,460,207,463,355,444,457,521,368,555,367,631,187,475,450,460,324,427,303,421
0.29393141480348683,11,0,372,352,219,220,184,380,426,285,263,471,207,444,345,502,209,306,266,393,295,283,514,307
0.29431035109931103,10,1,372,448,377,521,366,512,369,409,457,365,272,393,415,359,168,670,300,236,165,366,305,425
0.609772205209637,11,1,418,428,482,462,432,436,561,494,301,435,449,423,319,335,577,576,363,314,498,391,338,427
0.39493755394632113,10,0,382,372,505,363,425,171,349,317,434,401,413,299,580,527,310,393,533,230,256,492,352,297
0.21182462209060626,11,0,364,341,422,223,356,282,433,459,426,347,395,399,408,318,270,398,348,236,477,522,244,559
0.999556246769296,10,0,473,407,691,325,511,337,540,325,423,427,629,466,427,339,331,483,419,495,363,372,546,177
0.7395826194624748,11,0,432,348,365,307,281,576,570,252,579,344,399,263,309,361,358,464,430,487,272,384,514,308
0.2279749537750465,11,0,365,343,290,504,412,448,417,379,514,385,362,275,365,371,395,318,310,443,394,300,288,316
0.9090729693638486,11,1,463,405,492,489,644,365,437,529,338,385,546,475,366,472,408,530,513,489,462,404,305,331
0.07836360912769191,10,1,350,477,346,443,169,389,144,483,324,481,231,400,406,359,368,251,338,469,193,533,383,247
0.6268729126403796,11,0,420,363,386,598,308,427,648,427,412,408,345,370,249,347,458,494,479,444,368,497,454,300
0.09857883252064736,11,1,338,405,300,480,159,372,391,398,338,415,465,380,385,404,428,330,287,482,416,173,293,598
0.6098624486656659,11,1,419,428,437,201,477,275,457,426,389,269,547,131,319,262,491,503,389,474,454,392,324,539
0.71178475781961,10,1,429,449,339,603,453,246,297,445,435,441,510,501,433,347,383,439,195,466,530,419,448,387
0.8647553889068053,11,0,444,330,626,315,524,388,296,314,476,387,478,481,574,218,433,96,514,276,466,492,461,360
0.8699018653731975,10,1,445,470,370,385,358,316,341,481,715,409,496,409,507,373,462,647,510,383,306,364,376,431
0.3943641383871457,10,0,382,372,315,366,430,535,347,422,471,276,408,627,283,586,498,453,514,519,442,378,336,245
0.5265126377750501,10,1,404,430,404,440,306,467,552,365,427,449,464,374,461,535,470,503,297,403,377,580,330,510
0.10178195404604873,10,1,353,474,242,368,514,242,413,651,258,505,50,451,342,545,299,355,404,408,295,502,384,600
0.6457600143872968,10,0,424,373,631,240,472,380,289,413,228,551,547,422,500,246,536,496,460,341,505,382,463,374
0.4402233471965208,10,0,390,371,559,509,283,265,262,241,517,734,408,374,289,350,313,444,461,414,206,307,279,436
0.6804969574861628,10,0,430,375,548,362,525,346,373,438,381,590,413,461,602,394,397,314,458,329,376,241,458,476
0.7042293002484913,11,0,428,352,215,452,300,265,494,494,614,399,348,396,382,329,441,265,423,334,356,350,475,136
0.5340306122313392,11,0,406,369,337,361,475,440,456,543,622,381,529,481,271,394,539,455,385,467,365,446,58,239
0.3012013051598126,10,1,373,447,342,337,433,491,430,424,292,329,279,428,415,479,322,332,383,569,349,687,409,556
0.3696737055360104,11,1,378,427,495,148,378,421,369,486,310,271,205,416,390,164,364,490,377,302,393,463,390,240
0.9902936712269963,10,0,472,406,247,527,507,335,615,172,368,473,706,442,583,408,357,522,392,363,482,505,411,448
0.027980807484472403,10,1,345,484,328,561,426,484,267,495,405,578,316,501,351,400,355,170,553,357,410,504,135,340
0.9605370016478241,10,0,469,402,451,537,572,521,498,338,423,630,455,432,383,323,566,248,605,385,466,241,447,410
0.25659073338063754,11,1,360,421,413,356,479,342,380,576,212,473,520,344,367,375,367,230,331,328,284,608,510,517
0.12034829622698051,11,0,354,328,388,319,332,265,311,274,427,214,68,223,325,283,281,244,462,295,628,442,451,394
0.2736172624411102,11,1,363,422,263,497,359,466,357,361,481,327,270,460,386,402,293,427,387,447,309,536,472,537
0.43528900673993487,11,1,389,429,198,546,504,526,286,371,391,559,387,390,401,492,447,348,399,347,327,514,304,662
0.49050903396634327,11,1,398,430,378,496,473,582,491,451,274,427,412,604,411,286,359,436,556,607,537,313,508,501
0.43167834641302494,11,0,389,368,296,408,479,208,392,225,441,209,318,204,459,200,496,310,219,414,511,445,231,486
0.3658835611172766,11,1,377,427,420,284,362,397,281,364,433,383,416,585,380,304,321,336,352,278,451,544,281,408
0.06172534409757324,11,0,349,320,359,359,349,136,253,368,191,369,406,219,239,306,402,495,188,530,457,274,332,317
0.9781113265120516,10,0,471,404,398,399,403,543,476,373,449,608,450,332,436,307,546,359,720,464,431,369,615,436
0.4604261341488828,11,1,393,430,343,483,453,349,489,335,366,497,235,334,408,353,306,215,371,450,277,586,332,465
0.7132875753672157,10,1,429,449,550,394,482,415,165,604,477,374,478,362,402,427,669,470,330,423,338,460,512,627
0.25075760539872194,11,0,367,346,371,334,379,415,159,307,386,422,376,404,547,300,354,504,411,319,418,270,515,294
0.5459184355483282,11,0,408,369,539,310,445,383,322,462,302,254,413,258,344,479,337,76,457,225,327,292,488,400
0.45501331695738534,10,0,392,370,443,178,438,368,220,440,465,559,516,586,367,299,281,267,433,258,273,216,360,426
0.7342121070258772,10,1,431,452,471,393,391,416,499,484,425,426,355,523,327,460,351,598,266,657,617,389,347,467
0.8911439967861274,10,0,461,393,554,495,318,294,590,385,397,359,399,354,389,412,477,509,454,503,625,304,535,519
0.726493661369878,10,1,430,451,353,450,251,526,269,461,512,474,462,460,397,491,480,419,595,456,393,477,343,497
0.12604965030353,11,0,355,329,492,360,355,342,352,352,442,343,339,353,560,317,196,401,387,361,472,439,203,292
0.9355808767233874,10,0,466,399,280,354,606,367,425,342,297,522,349,342,427,527,484,210,469,498,396,347,603,257
0.09172053811710734,11,0,352,324,308,263,284,261,301,205,365,444,620,460,237,338,319,416,339,123,370,377,208,358
0.8685776714509789,10,1,444,470,467,505,399,597,366,452,336,520,496,506,319,545,464,659,500,389,486,397,327,331
0.02211340081184754,11,1,329,396,272,442,415,375,358,367,262,454,193,337,396,342,257,495,353,218,275,483,470,384
0.9541000434338266,10,1,453,482,668,329,312,627,523,356,690,564,680,424,457,455,390,518,440,583,392,374,390,353
0.35191091450857237,10,1,378,440,352,544,79,468,419,558,556,411,393,421,344,373,325,465,312,603,170,510,376,503
0.15802378331411526,11,1,346,412,278,324,338,430,616,425,354,390,477,556,440,431,275,352,422,282,354,280,420,198
0.6470296766363666,10,0,425,373,435,424,632,390,398,539,314,381,349,217,420,287,435,316,287,446,502,521,423,387
0.16309407283279986,11,0,359,334,188,327,243,356,321,203,387,272,437,192,305,388,306,364,342,350,390,401,370,231
0.8780493170367912,10,0,459,392,444,476,299,341,335,400,302,239,277,550,584,371,358,306,526,317,529,545,467,493
0.9413657355800749,10,1,452,480,553,485,433,479,396,422,374,542,404,499,512,641,561,556,509,488,602,336,588,421
0.7424591364880173,11,0,432,347,559,268,481,340,271,318,411,387,244,407,435,441,329,421,325,325,147,476,507,471
0.9306819549217088,11,0,451,321,498,275,420,317,416,429,318,228,554,200,425,394,497,357,398,283,524,223,536,142
0.8554800911930499,11,0,443,332,225,366,470,90,398,386,465,382,305,405,635,337,415,299,522,474,469,282,142,262
0.29202802580309795,10,1,372,448,473,364,369,238,331,383,260,350,405,532,439,433,438,374,259,421,486,366,394,492
0.6233933848930329,11,0,419,363,468,245,355,194,260,430,369,445,485,322,524,573,382,239,315,241,490,566,418,452
0.2607338228691496,10,1,368,452,288,502,289,403,443,547,234,430,367,525,449,425,230,344,359,434,91,510,428,532
0.9063898873437236,11,1,462,405,388,386,557,336,532,387,581,150,575,392,360,444,336,386,572,384,547,514,429,656
0.1120941378820981,10,1,354,473,234,538,327,543,446,416,361,560,281,603,452,621,259,456,172,362,181,636,397,565
0.14271698600397276,11,1,344,410,168,449,469,363,492,387,377,292,368,612,467,485,120,388,336,250,445,671,227,601
0.7821836166586059,11,1,446,418,438,401,465,409,456,420,335,488,362,436,555,428,438,515,372,529,259,395,379,351
0.15898289005195865,10,1,358,466,389,461,496,631,201,563,385,418,249,518,296,376,339,302,426,503,292,350,365,567
0.7775850183161317,11,1,445,418,471,412,368,472,559,431,603,453,500,344,415,467,405,423,568,386,309,415,389,459
0.06433971324142818,10,1,349,479,462,514,228,576,537,601,336,651,253,588,284,519,206,444,486,522,367,302,314,492
0.6701925991216762,10,0,428,375,466,195,239,191,552,311,346,189,429,335,332,322,592,497,359,463,322,439,343,349
0.745143211828281,11,0,432,347,478,452,433,473,232,450,466,511,424,431,424,178,375,433,378,291,384,498,500,407
0.46389965315189163,10,0,394,370,522,281,281,216,455,528,354,535,454,408,316,251,419,340,343,323,393,455,344,275
0.8395338586799451,11,0,442,334,548,124,608,311,552,408,496,477,406,213,247,422,444,374,471,528,417,396,442,323
0.8498806820099188,10,0,455,389,403,252,566,423,689,393,370,286,322,604,510,623,365,416,413,430,559,403,430,377
0.30945763909361623,11,1,368,424,529,546,278,442,328,498,221,433,231,462,347,315,281,544,488,274,272,232,171,397
0.6833232289801097,10,1,426,445,374,430,474,496,495,571,428,406,290,365,432,437,437,381,515,360,436,376,462,334
0.2111105788865113,10,1,364,459,290,579,436,504,568,368,305,551,372,494,337,458,434,450,316,233,233,408,419,376
0.05948176998959975,11,0,348,320,307,403,460,237,382,277,233,435,347,385,383,204,298,273,437,351,364,259,497,137
0.9782698738635934,11,0,455,315,430,72,466,49,469,223,472,355,489,616,574,227,291,105,493,407,397,396,216,238
0.8102430578221914,10,1,439,462,508,489,239,650,574,556,583,498,413,488,361,556,475,534,394,635,498,511,325,584
0.8584878669470181,11,1,456,410,428,382,450,533,289,456,533,442,649,413,507,270,287,484,348,459,575,385,349,476
0.044701409553180804,11,0,347,318,314,23,428,375,447,142,391,317,488,438,405,544,256,108,351,379,376,312,306,405
0.5110000256298212,10,1,402,430,371,401,417,419,381,416,363,430,480,444,479,457,308,526,534,269,467,395,474,477
0.2891650078410275,10,0,365,377,294,404,351,263,320,396,223,298,307,110,558,460,465,415,338,385,239,377,466,368
0.7453118412349304,11,0,432,347,509,216,351,224,460,523,464,226,312,259,453,368,376,300,236,349,271,354,182,353
0.7200452163811099,11,0,430,350,287,339,539,199,479,274,424,351,309,388,463,292,459,255,256,342,429,403,385,308
0.7725138328986588,10,1,435,457,556,494,607,442,371,352,383,479,422,545,465,235,566,299,488,445,492,611,494,476
0.5608730462561531,11,1,410,429,360,318,302,410,401,363,536,352,434,453,474,348,482,410,415,391,260,540,409,443
0.819957091486752,11,0,440,337,431,314,619,282,648,259,586,241,489,209,367,400,334,436,380,291,487,174,410,456
0.49822542645339596,11,0,400,370,378,634,392,172,473,356,493,298,511,294,413,477,433,405,292,464,403,369,411,397
0.4220413080954093,10,0,387,371,402,566,225,278,386,547,424,470,319,325,526,300,490,218,363,434,567,338,271,483
0.8197235284734792,11,1,451,414,551,417,277,409,410,498,405,300,395,417,473,504,538,193,408,627,593,402,483,351
0.4593878491901142,10,1,393,431,422,417,431,356,419,416,299,635,440,427,445,467,73,625,349,629,237,371,300,444
0.5177517645819125,11,0,403,370,476,287,453,350,386,399,254,335,491,384,486,475,465,247,273,441,383,167,438,483
0.2837622376775061,11,0,371,351,511,437,205,339,394,484,292,469,217,304,429,326,639,194,397,488,375,292,209,408
0.2964141835210523,11,1,366,423,535,603,310,541,426,481,367,495,218,514,616,535,338,364,445,470,281,453,477,539
0.9177935715050011,11,1,464,404,475,449,357,423,185,465,532,590,545,368,355,331,552,476,517,310,420,484,413,443
0.9059531122183052,10,0,462,395,341,488,576,437,482,409,468,405,359,430,503,602,463,299,395,261,465,224,567,367
0.5436865115446419,10,1,407,431,400,546,458,542,615,414,387,464,409,306,249,259,402,360,382,455,251,394,302,499
0.3265535977726931,11,1,371,425,192,403,560,346,320,460,119,275,392,401,433,423,364,510,252,401,163,551,317,390
0.1588390920124516,11,0,358,334,267,453,154,357,253,338,386,338,388,183,314,452,324,361,299,366,369,300,335,499
0.980106023623106,10,0,471,404,518,415,447,550,406,352,484,514,610,402,605,400,389,451,517,309,426,446,423,347
0.9331643020390316,10,1,451,479,495,473,321,356,486,529,373,710,427,636,416,395,464,375,486,499,230,513,530,486
0.5377254385202958,10,1,406,431,535,466,359,353,405,350,590,280,394,262,542,358,508,452,419,411,483,376,453,458
0.03304568944353303,10,0,331,403,345,376,448,324,211,416,273,517,350,465,310,246,384,293,375,421,413,543,260,394
0.7968312084463903,10,0,448,384,645,318,471,370,388,441,372,521,534,249,568,404,389,522,501,428,406,298,651,227
0.04682371938081642,10,1,347,482,277,510,394,623,309,483,395,565,520,461,418,367,413,381,408,611,297,492,407,521
0.19144624154849121,11,1,351,415,250,356,261,353,583,433,447,522,408,462,457,407,239,359,367,406,435,424,369,443
0.08148361231994694,10,1,351,477,304,281,526,412,437,409,404,424,277,512,523,461,422,693,526,380,384,428,486,487
0.49881104261461107,10,0,400,370,473,296,330,571,290,398,307,257,438,384,396,326,416,437,362,432,429,377,356,197
0.9657138221343876,11,0,454,317,294,121,547,241,540,425,591,297,500,406,426,232,389,224,414,326,563,251,576,150
0.19567342037193414,10,0,351,384,406,267,424,399,451,382,284,397,224,325,343,171,430,308,303,273,254,364,213,481
0.3516349750499628,10,0,375,373,458,404,271,334,473,531,471,230,422,439,335,458,285,262,334,474,575,353,425,686
0.9249785267107844,10,0,465,397,498,486,215,299,401,450,392,470,646,518,555,423,542,137,467,435,627,357,555,425
0.004361691003961776,10,0,328,407,533,190,386,595,232,328,284,413,400,358,267,479,276,390,196,476,482,310,272,240
0.32652560052522306,10,1,375,443,305,568,460,371,346,536,540,521,409,267,335,574,266,447,558,240,533,447,287,483
0.668047028375242,10,1,424,443,415,330,509,388,297,407,440,330,471,496,670,378,445,425,404,447,571,642,468,407
0.09643139666088307,11,1,338,405,428,413,548,388,196,373,311,243,289,468,319,336,445,336,354,356,209,432,378,446
0.3487363970006685,11,1,375,426,292,280,278,457,439,330,349,417,329,393,270,459,490,301,391,464,242,230,418,437
0.1260938907562279,10,1,355,471,481,400,331,414,477,553,449,333,273,376,336,641,181,464,421,632,180,558,435,341
0.2834133749371668,10,1,371,449,330,524,209,539,321,621,526,490,477,690,345,308,259,378,401,419,517,294,337,575
0.25597898271222363,10,1,368,453,464,611,116,493,203,469,281,468,351,517,293,358,411,395,361,484,326,419,351,457
0.5758146352551093,11,0,412,367,451,454,438,204,420,354,419,324,532,433,415,454,465,385,310,327,317,418,466,384
0.5103326862746685,10,0,402,370,444,399,619,368,372,366,493,278,344,431,358,271,587,353,355,340,320,457,349,329
0.5506346342655027,11,1,409,430,538,399,325,442,358,308,379,443,441,453,514,590,294,431,374,617,475,586,449,458
0.0803639362056322,11,1,336,403,154,453,324,415,438,413,180,442,295,296,362,395,451,219,356,394,305,320,293,459
0.6444375658578031,10,1,422,439,325,381,496,456,350,187,475,352,580,422,310,458,345,226,342,308,282,472,402,420
0.5455770400990533,10,0,408,370,601,241,534,254,245,446,314,164,331,363,313,446,446,511,458,286,231,353,193,383
0.2440674043702965,10,1,367,455,259,411,196,539,158,343,164,456,211,459,418,423,326,521,386,398,420,462,326,291
0.17278023474862414,10,1,360,464,447,626,265,400,210,357,321,451,428,370,356,403,389,554,497,392,282,344,312,336
0.41008418849948625,10,1,385,434,329,337,548,502,199,453,377,237,333,483,534,530,460,362,289,466,423,441,351,533
0.7062262893774556,11,0,428,352,501,410,303,204,486,521,448,369,364,358,322,174,420,334,298,444,497,262,587,407
0.46394072066903813,10,1,394,431,254,463,390,479,410,388,571,573,339,275,286,416,361,312,463,289,290,452,435,549
0.9231756816560991,11,1,464,403,416,386,472,500,369,514,306,395,380,417,320,296,292,522,424,343,591,421,564,453
0.3177923724224211,10,0,370,375,407,338,307,447,438,379,408,489,232,460,508,463,204,405,404,533,389,491,280,237
0.2406445679402296,11,1,358,419,533,269,559,553,430,618,510,451,344,611,374,363,422,346,396,315,410,403,511,431
0.7368036732439267,10,0,439,379,551,245,296,337,559,474,99,383,391,425,408,314,386,443,267,497,349,653,514,424
0.4292761361086974,10,0,388,371,285,397,280,249,433,464,422,290,271,421,419,309,190,499,325,411,408,381,258,437
0.1956178448379533,11,1,351,416,384,436,293,387,294,613,333,371,416,420,379,602,285,510,467,290,505,384,471,475
0.6485681341523603,10,1,422,440,482,369,404,246,315,518,504,717,391,455,220,349,391,388,389,436,399,487,525,444
0.7696231134492924,11,0,435,344,327,274,257,399,532,263,375,274,493,539,422,224,241,199,453,291,482,289,346,412
0.09163160431368544,10,0,337,395,522,412,377,236,312,434,156,373,218,349,344,441,230,498,342,388,321,353,284,503
0.3434101391131277,11,1,374,426,300,332,357,476,447,392,328,317,490,224,344,430,275,308,421,493,391,409,356,649
0.7195484313628161,11,0,430,350,371,219,283,212,363,440,497,530,375,542,592,526,393,415,545,275,472,302,599,437
0.7226592870956678,11,0,430,350,517,324,350,336,348,425,461,212,526,423,383,375,630,354,491,288,555,312,309,444
0.8950803062772533,10,1,447,474,497,534,350,457,417,678,379,609,359,452,371,326,366,542,256,625,625,448,450,428
0.5412864271715307,10,1,407,431,471,396,513,434,587,673,328,280,362,578,494,725,483,383,588,478,404,505,427,360
0.0844153583898477,10,0,336,396,254,166,350,420,490,438,334,253,550,586,378,501,374,360,340,370,441,278,258,596
0.5163635291495913,10,0,403,370,414,263,356,375,506,360,210,259,341,401,221,378,362,368,502,328,472,321,436,499
0.689879387465897,11,0,427,354,548,299,492,383,504,458,450,386,416,351,474,289,432,199,530,362,382,374,381,434
0.3119598550991932,10,0,369,376,289,516,429,194,272,521,454,459,342,462,434,368,355,521,384,277,398,338,348,399
0.2591766815168931,10,1,368,453,214,666,475,292,281,314,486,399,172,277,423,411,430,629,198,517,491,521,390,482
0.36764909318491235,10,1,380,438,401,470,338,385,187,638,287,283,463,403,291,493,367,465,405,324,517,508,464,596
0.37427691200018665,10,0,379,373,206,136,496,370,338,476,583,287,348,411,539,419,377,452,577,358,568,306,415,307
0.4584134152954632,11,1,393,430,527,545,434,558,413,400,346,357,487,517,365,412,370,530,465,334,448,391,357,292
0.32874141343007857,11,0,375,357,417,489,401,237,515,386,486,198,552,399,244,434,383,598,399,428,184,341,624,412
0.06495597064660674,10,1,349,479,417,502,210,446,178,367,301,567,382,526,354,400,545,660,355,464,361,549,357,512
0.1397873185635755,10,0,343,390,682,397,295,217,134,573,267,416,384,215,339,442,402,210,440,309,417,318,351,273
0.08666763165026037,10,1,351,476,310,463,404,427,379,605,505,527,284,595,304,659,339,500,220,605,380,581,167,588
0.3112564095661521,11,0,374,355,415,275,244,518,260,506,347,469,238,181,347,387,383,673,358,450,445,470,229,386
0.11850838496711946,11,0,354,328,382,333,417,243,353,232,513,443,297,318,232,293,425,298,256,313,257,186,379,396
0.3600407685626741,11,0,379,361,376,216,518,441,654,378,221,311,320,531,265,266,438,425,479,287,128,209,508,369
0.7721324317011192,11,1,444,418,274,402,440,251,490,359,471,322,433,570,440,523,381,354,471,339,363,540,569,606
0.43088277723865276,11,0,389,368,447,262,555,347,498,378,467,326,409,246,385,351,398,380,403,420,261,508,383,357
0.516995343716057,11,1,403,430,390,527,387,307,447,410,334,317,294,341,410,284,319,422,436,424,359,424,422,295
0.12266922705883121,10,1,355,471,385,403,286,361,386,380,241,507,436,439,323,485,370,484,329,586,527,420,538,503
0.33933682599979964,11,0,376,358,299,408,291,325,362,559,467,285,497,262,363,435,331,345,389,396,331,467,346,475
0.47197230584036964,10,1,395,430,391,557,501,443,319,377,248,498,416,418,635,313,262,458,431,387,518,247,413,362
0.11312361762610001,10,1,354,473,437,404,393,576,246,532,327,293,428,533,383,596,521,438,287,406,224,576,296,427
0.5277763952159471,11,1,405,430,279,536,503,589,380,449,359,493,334,357,410,416,411,393,307,533,416,497,458,487
0.24077515274893868,10,0,358,381,289,433,482,480,307,341,460,352,186,220,300,480,155,466,487,387,321,497,382,438
0.2886061687936561,10,0,365,377,316,264,370,499,290,496,292,485,318,272,358,246,432,440,425,393,248,377,390,478
0.38370606763857273,11,1,380,428,302,651,398,404,400,364,329,297,175,360,345,509,309,261,461,447,488,417,345,424
0.6074076071599522,10,0,418,372,460,527,324,444,478,201,433,299,353,435,533,381,495,221,321,490,343,372,527,425
0.19874067557979702,10,0,352,384,331,273,162,529,297,436,405,506,480,280,289,390,329,186,211,350,214,241,224,290
0.8298510483434482,11,0,441,335,396,310,536,366,585,189,416,301,303,405,320,374,410,308,515,379,437,280,452,325
0.28934596934854084,11,0,371,352,404,426,430,187,245,284,250,461,584,327,308,502,476,279,298,211,400,152,428,284
0.32314978788231197,10,1,375,444,351,477,411,388,365,588,485,274,477,397,263,383,385,479,377,400,77,605,400,296
0.25259117272680476,11,0,368,347,469,311,360,355,336,267,297,365,333,484,234,403,249,282,455,306,103,248,386,300
0.0824423149146053,10,1,351,477,162,634,308,413,429,279,331,267,447,527,139,479,314,406,465,431,357,315,293,383
0.8011354259013943,10,1,438,461,475,376,450,315,555,456,320,477,578,521,475,433,609,471,421,394,439,591,605,466
0.8229965804088571,10,1,440,464,483,509,673,408,383,559,457,449,362,383,360,442,518,383,449,185,497,630,271,420
0.8701004508675478,11,1,458,409,393,430,700,535,488,302,429,473,438,380,348,279,595,384,365,565,392,624,393,381
0.9979217499391791,11,0,457,312,418,390,422,404,485,275,355,325,710,352,415,401,263,250,443,272,560,298,479,247
0.0625517652787555,10,0,334,399,181,406,304,537,440,517,243,477,239,367,455,535,397,420,172,394,309,434,299,421
0.1278024352909154,11,0,355,329,133,287,427,386,316,197,352,445,232,307,378,325,400,353,223,376,515,183,257,364
0.5606364963138829,10,0,410,371,311,417,466,320,402,260,388,308,245,260,515,304,316,377,455,158,215,406,402,448
0.6104107377288189,10,0,419,372,466,346,385,412,274,420,299,418,404,439,385,512,495,347,469,325,443,419,385,331
0.9633718259350158,11,0,454,317,488,275,523,368,537,362,430,346,389,320,335,292,538,319,387,191,386,221,418,346
0.0099667093115412,10,1,343,487,445,515,381,403,324,433,279,490,344,372,408,589,295,564,146,450,278,587,454,556
0.05752431405143421,11,0,348,320,325,443,377,416,351,301,243,390,550,390,460,124,320,536,230,398,314,417,305,382
0.4131434621853278,11,1,385,429,379,288,425,610,340,321,429,384,411,378,568,372,424,378,265,445,361,262,412,418
0.3129866307965673,11,0,374,355,563,430,451,422,332,393,288,645,314,427,616,461,328,238,339,464,343,404,478,307
0.33294616582746817,10,0,372,374,335,267,457,299,382,387,496,407,382,243,342,487,334,403,441,368,414,477,404,556
0.818505140013291,11,0,439,337,511,329,456,350,492,384,279,475,366,208,521,397,400,444,407,393,642,438,439,451
0.10124768574111687,10,0,339,394,440,423,528,319,421,313,272,415,294,644,389,466,300,598,238,419,348,390,310,433
0.5376261227339245,11,0,406,369,437,331,422,353,588,513,378,378,403,603,382,225,249,388,444,407,394,361,343,582
0.09734802609726223,11,1,338,405,499,563,276,425,386,177,196,327,371,487,282,283,281,368,272,426,549,509,270,441
0.5692989054262846,11,1,412,429,271,564,441,281,243,420,281,384,493,421,509,578,467,264,250,626,428,391,483,302
0.6301301832869511,10,0,422,373,530,247,312,231,322,296,382,357,199,241,330,336,487,413,198,472,472,198,444,332
0.853096992452316,10,0,456,389,598,224,361,580,432,391,306,394,517,461,699,491,375,487,613,242,470,316,542,269
0.956187413644338,10,0,468,401,350,600,461,324,475,463,335,377,482,443,412,223,432,411,603,578,471,444,471,462
0.11781174101520597,11,0,354,328,283,352,152,308,355,234,259,355,270,218,382,316,293,279,430,200,490,301,357,357
0.7454296946607406,10,0,440,379,487,417,379,381,256,271,464,357,421,184,458,577,439,160,366,293,455,330,495,257
0.9576366872417865,11,0,453,318,299,296,466,340,543,340,417,240,436,396,145,398,554,313,530,361,433,373,660,5
0.6502624842271783,11,1,425,426,582,338,317,406,460,418,467,237,403,517,127,380,592,447,346,420,188,448,381,568
0.5846892114266168,11,1,414,429,546,407,462,362,445,451,417,370,463,453,514,396,408,508,244,414,378,350,598,226
0.3389141976408523,10,0,373,374,319,303,326,546,352,566,348,448,367,321,505,159,391,409,455,376,366,458,224,277
0.10786570269237161,10,1,353,473,362,558,412,427,356,392,441,480,369,476,355,463,358,738,418,511,361,607,235,533
0.5767017079867814,10,1,413,433,522,423,510,447,449,280,199,451,360,437,342,541,477,319,397,478,396,368,374,500
0.003037318200323047,10,1,343,488,281,489,269,364,403,450,290,509,226,376,414,479,321,509,409,446,530,627,363,597
0.409656778977856,10,0,385,371,370,564,400,343,292,234,504,423,466,375,372,315,584,399,306,326,335,239,339,508
0.7875498612695802,11,0,436,341,301,258,451,522,492,224,424,433,307,313,419,172,484,634,474,349,311,308,412,341
0.5058492088949679,10,1,401,430,373,509,354,510,420,410,529,378,278,516,381,453,570,537,340,521,628,505,327,319
0.4458008285087126,10,1,391,431,410,430,431,352,361,476,252,426,326,449,396,593,374,518,474,474,569,482,538,478
0.3135207247673144,10,1,374,445,487,584,379,415,323,444,223,406,403,423,450,299,443,429,147,288,332,491,373,566
0.8637312282777977,11,0,444,331,489,562,554,477,268,356,572,480,454,329,441,319,324,241,411,332,584,440,440,248
0.3460459696731907,10,1,377,441,334,556,406,387,380,529,379,271,340,366,601,424,378,399,290,425,280,531,279,393
0.6127955805334965,11,1,419,428,316,254,440,355,421,415,507,497,381,540,366,401,616,436,430,427,444,419,555,222
0.989863404417444,11,1,472,394,508,114,546,295,470,293,572,295,429,529,555,398,433,387,448,516,323,351,487,309
0.45548088473168624,11,0,393,369,206,378,509,214,375,387,350,339,406,401,486,430,295,490,455,244,385,257,243,589
0.467409694459633,10,1,395,431,456,547,500,353,351,412,345,276,358,400,462,374,521,425,392,439,609,388,312,450
0.5597717266647183,11,0,410,368,528,315,509,348,331,493,419,350,324,311,177,276,471,398,283,178,374,335,277,183
0.7386774953385223,11,0,431,348,328,479,454,519,391,424,628,294,500,408,506,261,376,328,465,265,447,55,396,216
0.8349965971394433,10,0,453,387,496,373,502,467,407,403,344,212,475,409,559,288,466,416,443,509,277,309,452,424
0.360316816490154,10,1,379,439,497,317,423,542,468,524,208,225,581,419,413,284,186,427,464,419,475,338,374,604
0.5982549099571514,10,0,417,372,482,367,295,356,488,215,366,392,348,241,367,283,432,260,325,351,397,299,294,144
0.4082626921918395,10,1,385,434,402,511,289,399,516,368,546,534,368,593,330,452,259,534,374,323,359,584,545,438
0.8138380718769201,10,0,450,385,502,567,453,286,392,268,422,480,482,470,364,274,326,434,357,249,633,240,398,327
0.7801289199672836,10,0,445,382,447,276,305,294,481,439,140,403,252,380,465,580,435,295,283,370,369,324,494,428
0.003107585256621581,10,1,343,488,430,522,322,373,499,412,279,503,365,638,508,502,329,378,293,373,333,567,269,486
0.6092321161056975,10,0,418,372,357,429,327,478,535,334,467,575,525,307,418,320,439,479,325,197,385,176,459,266
0.6401448444039776,10,1,421,439,366,250,619,360,386,498,738,363,354,518,514,557,570,454,595,507,273,384,328,329
0.6202668698130529,10,0,420,372,512,396,459,470,517,534,310,313,402,461,383,562,326,269,426,387,433,277,247,407
0.472338588132852,10,1,395,430,418,287,254,328,413,311,510,563,345,442,509,293,393,360,506,517,366,503,236,401
0.24126855438335426,11,1,358,420,331,314,195,456,212,499,461,336,455,446,328,199,317,474,449,348,309,360,287,477
0.8780690415579606,11,1,459,408,407,296,536,360,340,342,514,393,370,430,587,549,404,718,389,290,502,506,492,415
0.2244663673898587,10,1,365,457,386,431,319,480,170,426,427,496,475,336,432,414,178,494,325,465,423,334,387,469
0.46747903790258327,11,1,394,430,243,487,462,578,473,335,424,465,436,457,376,485,495,335,434,380,488,529,188,504
0.350493973203272,11,0,378,360,354,415,484,391,486,379,608,547,393,284,432,363,555,124,477,402,396,413,409,489
0.980871781748084,11,1,471,395,410,386,357,376,311,566,361,372,518,375,572,333,404,485,498,313,440,232,268,410
0.436350087459618,10,0,389,371,394,205,441,415,302,438,450,458,366,268,420,428,497,380,362,370,281,251,528,472
0.243769966905663,10,1,367,455,298,390,368,534,406,391,376,447,386,385,415,346,375,412,391,411,385,585,257,453
0.776599387017772,10,1,435,457,412,385,191,341,529,577,569,485,502,315,448,582,414,307,420,545,440,405,532,399
0.9655918556842582,10,0,469,402,475,253,410,499,428,493,468,375,251,479,461,446,530,257,492,340,386,216,641,301
0.5661586054079111,11,1,411,429,475,264,294,560,441,363,535,363,492,461,464,591,452,390,565,418,536,388,533,552
0.04358198248651424,10,1,347,482,487,428,558,375,173,439,401,490,444,471,417,639,256,475,472,390,375,428,295,586
0.4248125220047734,10,0,387,371,255,314,400,299,579,471,491,279,445,116,488,333,370,305,372,309,429,574,265,320
0.6185159714181409,11,1,420,428,407,587,672,302,451,502,401,307,542,256,544,384,486,287,572,379,573,378,424,331
0.690143809477992,10,1,427,446,649,474,574,428,415,378,410,544,500,395,571,545,458,540,300,376,442,470,267,367
0.576445554925676,11,0,413,367,407,371,460,365,326,463,287,356,527,371,409,320,262,358,515,255,288,470,336,195
0.5733702194348312,11,0,412,367,589,253,384,276,363,279,464,247,353,432,474,394,474,409,423,438,405,410,281,356
0.24665370277373255,10,1,367,454,463,441,335,388,384,512,151,464,316,568,444,370,325,518,465,480,290,362,518,393
0.7064885730265464,10,1,428,448,484,365,406,447,341,416,414,330,461,458,320,304,355,382,302,690,436,474,637,333
0.383931199607657,11,0,382,364,405,353,449,364,408,245,511,396,310,507,447,340,468,230,278,428,371,485,355,535
0.4585509783341243,11,1,393,430,564,468,451,458,386,365,255,393,541,386,383,499,273,333,339,504,383,276,360,258
0.31289045910248214,11,1,369,424,322,414,298,425,466,382,457,228,245,412,296,253,316,516,414,418,374,484,452,324
0.8647700740061097,11,1,457,410,398,478,405,506,507,591,503,294,298,374,413,443,300,466,532,418,243,318,511,536
0.5202586701636013,11,1,403,430,367,281,289,557,420,397,409,317,371,544,292,485,576,357,456,418,274,326,340,362
0.1151122609066827,10,1,354,472,219,451,266,583,267,582,302,586,402,409,249,507,432,354,320,534,575,386,241,377
0.0899844046507654,10,1,351,476,501,597,689,437,402,469,422,401,394,475,329,545,445,234,353,502,355,505,451,725
0.3068887056835,11,1,368,424,275,415,231,385,281,479,459,374,136,469,308,293,434,526,303,434,394,442,508,401
0.13057332396168553,10,1,356,470,367,482,393,524,199,473,260,433,288,584,314,269,462,356,422,659,562,285,357,580
0.9642819109710772,10,0,469,402,564,367,183,538,559,364,130,380,444,178,325,428,474,637,571,355,328,334,571,440
0.16410915670270398,11,0,359,334,278,512,307,217,437,395,226,406,320,298,510,356,372,408,318,380,301,394,213,335
0.3351359248773631,11,0,376,358,524,380,466,416,335,365,274,343,343,57,399,364,367,472,319,271,277,222,362,621
0.294556469009879,10,1,372,448,382,570,156,449,205,351,488,398,315,431,366,391,381,517,345,369,349,491,249,389
0.5196137120204695,10,1,403,430,317,507,291,394,324,329,236,335,300,478,408,381,370,429,403,605,335,476,409,502
0.8747694158812768,11,1,458,408,325,521,456,521,392,343,246,310,457,455,383,390,586,389,284,388,506,415,499,551
0.7093379086015991,10,1,429,448,490,401,339,440,462,585,522,479,456,528,498,462,588,305,798,550,455,430,470,488
0.5261438491191377,10,1,404,430,525,533,388,265,457,508,616,537,642,407,334,342,482,419,311,530,345,424,447,311
0.12305649069874403,10,0,341,392,239,341,252,419,453,268,270,544,306,394,214,400,379,371,436,346,341,507,398,267
0.06930598899812179,10,0,335,398,327,303,446,406,308,507,544,436,194,457,329,478,386,490,366,415,251,331,355,216
0.5847833228735664,10,0,414,371,605,197,458,475,509,365,498,268,444,338,418,355,369,440,472,577,496,459,202,173
0.47681026710730556,10,0,396,370,374,367,371,397,354,421,550,315,279,356,307,325,370,280,441,437,348,311,344,365
0.5872350224093451,11,0,414,366,522,430,381,275,470,376,345,279,408,450,348,302,366,661,358,398,502,448,366,370
0.14083353371961727,10,0,344,390,535,546,320,520,365,518,124,578,502,224,282,461,425,410,435,141,143,614,466,464
0.46045333970164803,11,1,393,430,344,504,420,319,217,432,396,539,415,367,501,440,258,513,439,315,379,499,322,409
0.689055820026002,10,1,427,445,417,362,512,264,366,385,401,487,459,460,403,429,484,537,495,586,458,396,391,248
0.4184939212787786,10,0,386,371,394,392,469,419,405,346,242,215,630,388,420,498,272,433,523,253,451,347,381,477
0.6043464068444888,11,1,418,428,471,516,386,416,427,446,425,617,421,425,357,576,509,381,482,229,520,335,359,396
0.8486248471878447,11,0,442,333,366,185,563,184,302,293,553,140,379,236,538,355,323,363,287,250,387,178,445,293
0.38055660061718644,11,1,380,428,567,521,340,644,508,273,478,415,465,349,311,391,102,453,447,541,728,376,491,520
0.5756128693644873,11,1,413,429,435,343,406,239,383,602,629,497,402,366,456,478,386,377,405,534,258,497,524,495
0.580548717897189,11,1,414,429,262,273,375,663,435,424,504,512,397,348,385,474,304,455,416,319,442,338,495,558
0.5934865096659717,11,0,415,366,536,386,235,387,291,352,339,253,382,418,384,271,563,314,606,399,573,338,425,312
0.3003184773584291,10,1,372,447,502,369,420,583,510,325,327,451,240,443,394,460,341,348,334,518,534,514,432,543
0.4840182671702219,10,1,397,430,604,651,384,537,321,453,475,483,233,376,534,503,378,511,288,255,488,545,470,603
0.05911231302821429,11,1,334,401,264,172,252,235,495,357,164,294,407,300,350,459,451,541,330,461,432,381,387,386
0.25249061017324814,10,1,368,453,455,398,332,434,235,570,361,516,299,493,391,391,423,479,268,581,415,520,379,445
0.1376739772204446,11,0,356,331,358,421,364,447,365,297,427,458,287,201,178,313,226,395,327,476,348,153,355,375
0.8870405593460196,11,1,460,407,599,419,356,426,367,565,380,446,323,335,492,433,463,305,517,325,249,562,545,275
0.7344092193738124,11,1,438,421,412,397,518,351,263,293,403,245,646,473,390,511,320,402,401,320,654,710,463,476
0.040659278755366235,11,1,331,398,251,511,201,726,231,358,478,292,261,279,366,448,247,403,393,422,25,324,279,362
0.7882830815878574,11,0,436,341,520,402,350,199,454,327,517,208,577,226,440,284,460,314,290,431,440,389,451,423
0.8655598394006582,11,1,457,409,462,404,423,436,314,287,490,397,330,275,633,441,399,501,486,497,441,400,384,383
0.6096800150508052,11,0,417,364,458,315,362,415,536,413,255,421,430,99,422,297,474,526,541,389,410,404,186,532
0.6654585619292835,10,1,424,442,153,539,397,380,434,310,510,510,471,300,325,418,444,455,400,487,490,407,323,544
0.5971413027766369,10,1,416,434,460,510,393,397,247,508,375,331,580,395,459,448,396,323,540,487,336,359,333,383
0.15827461575954194,11,0,358,334,356,477,325,450,332,349,363,241,354,230,399,339,495,283,395,253,425,382,317,458
0.22999625046183614,10,0,356,381,260,354,358,325,204,406,475,290,485,364,476,355,333,298,202,491,511,450,439,386
0.12435947969635908,11,1,341,408,405,302,329,344,414,367,237,388,339,471,456,719,369,429,359,391,277,350,350,318
0.9450739018076726,10,1,452,481,629,653,424,430,498,452,346,442,610,673,407,510,442,479,591,394,308,582,404,547
0.347008046603964,11,0,377,359,454,310,472,430,429,475,359,384,361,398,367,359,218,209,373,304,553,367,347,331
0.40415639093048106,11,0,385,366,403,305,496,452,371,414,266,555,266,180,230,541,424,361,240,314,236,509,494,400
0.7142728184713086,11,1,435,423,202,416,448,429,504,387,557,560,342,402,394,411,373,501,512,371,505,464,327,365
0.5392757384015018,11,1,407,430,430,422,559,337,194,189,366,506,401,417,528,572,280,282,364,406,457,583,313,559
0.9028817552144927,11,0,448,325,345,376,365,348,443,262,447,357,440,427,461,311,360,301,456,204,352,386,177,264
0.6659202291683094,10,0,428,374,440,479,310,242,600,503,450,424,542,276,317,403,404,316,527,302,553,370,564,602
0.5350678155894103,11,0,406,369,361,381,386,334,354,348,376,354,407,281,412,236,282,537,574,340,453,507,407,359
0.7652488997384843,11,0,434,344,364,431,442,394,270,443,544,335,573,408,524,359,371,363,352,233,300,127,465,390
0.44470644168986706,10,0,391,370,447,431,454,302,380,233,356,290,289,351,427,517,490,319,294,357,195,371,449,426
0.5871212551814243,10,1,414,434,246,427,556,500,384,624,532,595,298,601,402,511,592,567,355,426,470,331,604,584
0.21461275248490286,11,1,354,417,427,392,356,540,260,385,347,394,340,486,361,237,260,286,499,544,261,409,402,366
0.5846376434870872,11,1,414,429,266,384,383,615,478,367,239,286,481,561,307,361,522,179,348,561,397,468,366,327
0.5173130916713301,11,1,403,430,637,629,459,420,458,296,372,415,385,544,451,357,434,235,508,463,369,385,230,435
0.23804004213129637,11,0,366,345,216,399,234,306,416,280,315,380,204,311,436,294,352,400,236,370,130,430,372,207
0.390348143725443,11,1,382,428,293,335,498,375,225,497,498,298,374,417,442,489,294,386,399,338,481,473,582,392
0.15541796200368496,10,1,358,467,390,583,505,581,364,475,248,489,289,448,256,436,273,353,430,404,419,477,341,633
0.4481050418183602,10,0,391,370,244,550,420,384,303,395,488,435,420,432,388,446,457,377,326,263,638,395,360,444
0.6779827329216408,10,1,425,444,466,378,495,426,609,346,551,571,595,550,320,458,389,418,368,556,296,589,378,507
0.4829073924724312,10,1,397,430,339,430,415,435,349,511,335,498,247,450,463,470,387,392,482,314,307,288,485,348
0.9091943692805021,11,1,463,405,631,516,372,358,250,504,504,453,335,271,659,345,453,353,367,385,483,301,494,286
0.6042797324161436,11,0,417,365,260,417,311,302,444,356,532,447,423,406,620,357,485,269,468,446,390,317,397,275
0.28383287997950646,11,0,371,351,386,343,504,127,336,452,342,262,329,257,354,221,404,440,398,329,377,406,422,416
0.46869327803376626,11,1,395,430,186,464,510,317,112,646,404,475,305,126,404,241,537,539,359,501,432,426,413,347
0.8727736795727432,11,0,445,329,530,431,454,287,510,251,585,179,521,279,512,415,557,227,457,281,464,397,339,275
0.9396136210405249,10,0,466,399,590,458,386,315,607,450,595,397,446,528,339,451,320,415,397,327,355,433,493,411
0.5600463635168795,10,1,410,432,510,425,278,387,373,577,474,460,621,554,464,521,446,522,378,337,552,315,396,393
0.5031413829348075,11,1,401,430,421,376,420,414,257,521,418,322,559,435,437,411,432,427,326,404,270,450,331,437
0.1127851303455506,11,1,340,407,327,494,145,378,421,354,417,366,333,444,274,453,455,333,221,225,439,400,629,270
0.1937135236434443,10,1,362,462,147,473,209,576,454,408,365,607,440,349,344,403,367,315,358,344,379,454,425,535
0.42717395042736916,11,0,388,367,475,496,322,288,375,343,432,454,329,350,286,521,374,412,469,469,409,416,508,405
0.2517720307614866,11,1,359,420,280,516,429,346,420,533,331,388,605,493,432,487,455,460,481,388,329,589,268,480
0.2552234459610232,10,1,368,453,294,487,269,406,388,356,398,492,409,526,320,483,337,364,470,354,428,452,335,438
0.808068532213544,11,1,449,415,532,313,536,230,613,488,358,451,545,329,385,401,494,366,337,323,568,346,475,454
0.9027997670686372,11,1,462,405,409,446,343,312,555,345,473,450,307,336,362,311,494,397,306,508,216,518,457,269
0.6983910904352697,11,0,427,353,436,465,492,415,451,312,497,275,411,394,352,247,363,299,373,381,477,394,450,388
0.18252617106519442,10,1,361,463,464,454,524,666,262,364,531,603,304,391,302,267,392,418,408,624,326,419,383,404
0.044333642242761595,10,1,347,482,324,260,295,462,478,396,411,593,372,519,366,392,231,590,205,557,272,425,286,299
0.6605617325157004,10,1,424,442,498,502,357,346,283,342,479,331,477,633,418,463,294,361,286,514,441,335,486,349
0.6324799106258252,10,1,420,438,369,408,299,244,478,403,485,644,398,449,391,364,425,466,482,355,638,408,590,461
0.04478172953019599,11,0,347,318,259,361,444,193,467,380,333,107,424,292,270,430,402,433,254,363,405,392,260,399
0.31301975924432357,10,1,374,445,302,471,290,321,385,426,338,516,321,403,199,465,275,279,371,509,285,531,457,524
0.47047638428122773,10,1,395,430,402,369,569,449,373,514,471,386,383,348,343,611,468,280,523,134,416,415,632,654
0.26757181192112434,11,0,369,349,133,345,354,268,587,257,236,228,435,310,367,380,336,435,452,375,292,227,473,373
0.9598211061915713,10,1,454,483,392,652,545,393,428,397,436,515,420,320,314,447,439,454,592,431,229,454,547,369
0.5953095538028556,10,1,415,434,334,500,384,406,422,452,386,654,419,250,488,349,534,356,458,514,416,445,464,465
0.146501978731444,11,1,344,411,400,219,217,395,480,635,259,562,373,403,287,487,280,389,269,232,456,323,422,405
0.899724051740484,11,1,462,406,611,355,440,497,572,562,511,310,493,548,488,466,423,466,280,381,379,322,532,382
0.8698354911822962,10,1,445,470,419,455,442,638,528,444,411,406,480,189,361,701,296,520,311,671,591,489,570,569
0.04099097267118901,10,0,331,402,380,450,296,458,454,296,342,366,420,234,401,640,373,295,391,229,491,366,204,441
0.45850910867123895,10,0,393,370,304,363,604,335,350,152,422,494,437,301,375,322,31,390,477,475,379,423,276,366
0.7792734089494612,10,1,435,458,385,422,535,326,521,453,254,476,506,315,397,487,480,513,365,343,405,315,337,543
0.9571606248730523,11,0,453,318,552,334,526,424,223,510,537,191,403,204,171,368,437,162,420,300,352,337,424,198
0.17205771634902955,11,0,360,335,397,596,372,339,263,427,203,478,355,465,525,261,264,482,417,336,316,396,422,237
0.07705930687255158,10,1,350,478,234,404,373,491,438,461,427,513,487,303,451,626,410,550,389,406,417,610,300,482
0.21656820956374012,10,1,364,458,436,394,394,395,378,503,364,401,282,287,476,338,266,408,481,257,273,582,243,609
0.36425968604695436,10,1,379,438,425,444,414,316,379,187,457,462,527,387,560,456,412,425,394,504,356,567,188,526
0.26002124599320575,11,1,361,421,443,390,383,439,334,307,204,527,616,276,411,358,305,444,302,565,204,387,572,473
0.8822635939253992,10,1,446,472,517,488,388,394,339,392,276,474,341,445,594,447,220,552,408,520,529,523,682,445
